0.0011376 86
0.0011376 0
1.00114 86
1.00114 0
2.00114 86
2.00114 0
3.00114 86
3.00114 0
4.00114 86
4.00114 0
5.00114 86
5.00114 0
5.00665 1030
5.00665 0
5.01065 1030
5.01465 2060
5.01489 1030
5.01865 2060
5.02265 3090
5.02313 2060
5.02665 3090
5.03065 4120
5.03137 3090
5.03465 4120
5.03865 5150
5.03961 4120
5.04265 5150
5.04665 6180
5.04785 5150
5.05065 6180
5.05465 7210
5.05609 6180
5.05865 7210
5.06265 8240
5.06433 7210
5.06665 8240
5.07065 9270
5.07257 8240
5.07465 9270
5.07865 10300
5.08081 9270
5.08265 10300
5.08665 11330
5.08905 10300
5.09065 11330
5.09465 12360
5.09729 11330
5.09865 12360
5.10265 13390
5.10553 12360
5.10665 13390
5.11065 14420
5.11377 13390
5.11465 14420
5.11865 15450
5.12201 14420
5.12265 15450
5.12665 16480
5.13025 15450
5.13065 16480
5.13465 17510
5.13849 16480
5.13865 17510
5.14265 18540
5.14665 19570
5.14673 18540
5.15065 19570
5.15465 20600
5.15497 19570
5.15865 20600
5.16265 21630
5.16321 20600
5.16665 21630
5.17065 22660
5.17145 21630
5.17465 22660
5.17865 23690
5.17969 22660
5.18265 23690
5.18665 24720
5.18793 23690
5.19065 24720
5.19465 25750
5.19617 24720
5.19865 25750
5.20265 26780
5.20441 25750
5.20665 26780
5.21065 27810
5.21265 26780
5.21465 27810
5.21865 28840
5.22089 27810
5.22265 28840
5.22665 29870
5.22913 28840
5.23065 29870
5.23465 30900
5.23737 29870
5.23865 30900
5.24265 31930
5.24561 30900
5.24665 31930
5.25065 32960
5.25385 31930
5.25465 32960
5.25865 33990
5.26209 32960
5.26265 33990
5.26665 35020
5.27033 33990
5.27065 35020
5.27465 36050
5.27857 35020
5.27865 36050
5.28265 37080
5.28665 38110
5.28681 37080
5.29065 38110
5.29465 39140
5.29505 38110
5.29865 39140
5.30265 40170
5.30329 39140
5.30665 40170
5.31065 41200
5.31153 40170
5.31465 41200
5.31865 42230
5.31977 41200
5.32265 42230
5.32665 43260
5.32801 42230
5.33065 43260
5.33465 44290
5.33625 43260
5.33865 44290
5.34265 45320
5.34449 44290
5.34665 45320
5.35065 46350
5.35273 45320
5.35465 46350
5.35865 47380
5.36097 46350
5.36265 47380
5.36665 48410
5.36921 47380
5.37065 48410
5.37465 49440
5.37745 48410
5.37865 49440
5.38265 50470
5.38569 49440
5.38665 50470
5.39065 51500
5.39393 50470
5.39465 51500
5.39865 52530
5.40217 51500
5.40265 52530
5.40665 53560
5.41041 52530
5.41065 53560
5.41465 54590
5.41865 53560
5.41865 54590
5.42265 55620
5.42665 56650
5.42689 55620
5.43065 56650
5.43465 57680
5.43513 56650
5.43865 57680
5.44265 58710
5.44337 57680
5.44665 58710
5.45065 59740
5.45161 58710
5.45465 59740
5.45865 60770
5.45985 59740
5.46265 60770
5.46665 61800
5.46809 60770
5.47065 61800
5.47465 62830
5.47633 61800
5.47865 62830
5.48265 63860
5.48457 62830
5.48665 63860
5.49065 64890
5.49281 63860
5.49465 64890
5.49865 65920
5.50105 64890
5.50265 65920
5.50665 66950
5.50929 65920
5.51065 66950
5.51465 67980
5.51753 66950
5.51865 67980
5.52265 69010
5.52577 67980
5.52665 69010
5.53065 70040
5.53401 69010
5.53465 70040
5.53865 71070
5.54225 70040
5.54265 71070
5.54665 72100
5.55049 71070
5.55065 72100
5.55465 73130
5.55865 74160
5.55873 73130
5.56265 74160
5.56665 75190
5.56697 74160
5.57065 75190
5.57465 76220
5.57521 75190
5.57865 76220
5.58265 77250
5.58345 76220
5.58665 77250
5.59065 78280
5.59169 77250
5.59465 78280
5.59865 79310
5.59993 78280
5.60265 79310
5.60665 80340
5.60817 79310
5.61065 80340
5.61465 81370
5.61641 80340
5.61865 81370
5.62265 82400
5.62465 81370
5.62665 82400
5.63065 83430
5.63289 82400
5.63465 83430
5.63865 84460
5.64113 83430
5.64265 84460
5.64665 85490
5.64937 84460
5.65065 85490
5.65465 86520
5.65761 85490
5.65865 86520
5.66265 87550
5.66585 86520
5.66665 87550
5.67065 88580
5.67409 87550
5.67465 88580
5.67865 89610
5.68233 88580
5.68265 89610
5.68665 90640
5.69057 89610
5.69065 90640
5.69465 91670
5.69865 92700
5.69881 91670
5.70265 92700
5.70665 93730
5.70705 92700
5.71065 93730
5.71465 94760
5.71529 93730
5.71865 94760
5.72265 95790
5.72353 94760
5.72665 95790
5.73065 96820
5.73177 95790
5.73465 96820
5.73865 97850
5.74001 96820
5.74265 97850
5.74665 98880
5.74825 97850
5.75065 98880
5.75465 99910
5.75649 98880
5.75865 99910
5.76265 100940
5.76473 99910
5.76665 100940
5.77065 101970
5.77297 100940
5.77465 101970
5.77865 103000
5.78121 101970
5.78265 103000
5.78945 101970
5.78945 103000
5.79769 101970
5.79769 103000
5.80593 101970
5.80593 103000
5.81417 101970
5.81417 103000
5.82241 101970
5.82241 103000
5.83065 101970
5.83065 103000
5.83889 101970
5.83889 103000
5.84713 101970
5.84713 103000
5.85537 101970
5.85537 103000
5.86361 101970
5.86361 103000
5.87185 101970
5.87185 103000
5.88009 101970
5.88009 103000
5.88833 101970
5.88833 103000
5.89657 101970
5.89657 103000
5.90481 101970
5.90481 103000
5.91305 101970
5.91305 103000
5.92129 101970
5.92129 103000
5.92953 101970
5.92953 103000
5.93777 101970
5.93777 103000
5.94601 101970
5.94601 103000
5.95425 101970
5.95425 103000
5.96249 101970
5.96249 103000
5.97073 101970
5.97073 103000
5.97897 101970
5.97897 103000
5.98721 101970
5.98721 103000
5.99545 101970
5.99545 103000
6.00369 101970
6.00369 103000
6.01193 101970
6.01193 103000
6.02017 101970
6.02017 103000
6.02841 101970
6.02841 103000
6.03665 101970
6.03665 103000
6.04489 101970
6.04489 103000
6.05313 101970
6.05313 103000
6.06137 101970
6.06137 103000
6.06961 101970
6.06961 103000
6.07785 101970
6.07785 103000
6.08609 101970
6.08609 103000
6.09433 101970
6.09433 103000
6.10257 101970
6.10257 103000
6.11081 101970
6.11081 103000
6.11905 101970
6.11905 103000
6.12729 101970
6.12729 103000
6.13553 101970
6.13553 103000
6.14377 101970
6.14377 103000
6.15201 101970
6.15201 103000
6.16025 101970
6.16025 103000
6.16849 101970
6.16849 103000
6.17673 101970
6.17673 103000
6.18497 101970
6.18497 103000
6.19321 101970
6.19321 103000
6.20145 101970
6.20145 103000
6.20969 101970
6.20969 103000
6.21793 101970
6.21793 103000
6.22617 101970
6.22617 103000
6.23441 101970
6.23441 102056
6.24265 101026
6.24265 102056
6.25089 101026
6.25089 102056
6.25913 101026
6.25913 102056
6.26737 101026
6.26737 102056
6.27561 101026
6.27561 102056
6.28385 101026
6.28385 102056
6.29209 101026
6.29209 102056
6.30033 101026
6.30033 102056
6.30857 101026
6.30857 102056
6.31681 101026
6.31681 102056
6.32505 101026
6.32505 102056
6.33329 101026
6.33329 102056
6.34153 101026
6.34153 102056
6.34977 101026
6.34977 102056
6.35801 101026
6.35801 102056
6.36625 101026
6.36625 102056
6.37449 101026
6.37449 102056
6.38273 101026
6.38273 102056
6.39097 101026
6.39097 102056
6.39921 101026
6.39921 102056
6.40745 101026
6.40745 102056
6.41569 101026
6.41569 102056
6.42393 101026
6.42393 102056
6.43217 101026
6.43217 102056
6.44041 101026
6.44041 102056
6.44865 101026
6.44865 102056
6.45689 101026
6.45689 102056
6.46513 101026
6.46513 102056
6.47337 101026
6.47337 102056
6.48161 101026
6.48161 102056
6.48985 101026
6.48985 102056
6.49809 101026
6.49809 102056
6.50633 101026
6.50633 102056
6.51457 101026
6.51457 102056
6.52281 101026
6.52281 102056
6.53105 101026
6.53105 102056
6.53929 101026
6.53929 102056
6.54753 101026
6.54753 102056
6.55577 101026
6.55577 102056
6.56401 101026
6.56401 102056
6.57225 101026
6.57225 102056
6.58049 101026
6.58049 102056
6.58873 101026
6.58873 102056
6.59697 101026
6.59697 102056
6.60521 101026
6.60521 102056
6.61345 101026
6.61345 102056
6.62169 101026
6.62169 102056
6.62993 101026
6.62993 102056
6.63817 101026
6.63817 102056
6.64641 101026
6.64641 102056
6.65465 101026
6.65465 102056
6.66289 101026
6.66289 102056
6.67113 101026
6.67113 102056
6.67937 101026
6.67937 102056
6.68761 101026
6.68761 102056
6.69585 101026
6.69585 102056
6.70409 101026
6.70409 102056
6.71233 101026
6.71233 102056
6.72057 101026
6.72057 102056
6.72881 101026
6.72881 102056
6.73705 101026
6.73705 102056
6.74529 101026
6.74529 102056
6.75353 101026
6.75353 102056
6.76177 101026
6.76177 102056
6.77001 101026
6.77001 102056
6.77825 101026
6.77825 102056
6.78649 101026
6.78649 102056
6.79473 101026
6.79473 102056
6.80297 101026
6.80297 102056
6.81121 101026
6.81121 102056
6.81945 101026
6.81945 102056
6.82769 101026
6.82769 102056
6.83593 101026
6.83593 102056
6.84417 101026
6.84417 102056
6.85241 101026
6.85241 102056
6.86065 101026
6.86065 102056
6.86889 101026
6.86889 102056
6.87713 101026
6.87713 102056
6.88537 101026
6.88537 102056
6.89361 101026
6.89361 102056
6.90185 101026
6.90185 102056
6.91009 101026
6.91009 102056
6.91833 101026
6.91833 102056
6.92657 101026
6.92657 102056
6.93481 101026
6.93481 102056
6.94305 101026
6.94305 102056
6.95129 101026
6.95129 102056
6.95953 101026
6.95953 102056
6.96777 101026
6.96777 102056
6.97601 101026
6.97601 102056
6.98425 101026
6.98425 102056
6.99249 101026
6.99249 102056
7.00073 101026
7.00073 102056
7.00897 101026
7.00897 102056
7.01721 101026
7.01721 102056
7.02545 101026
7.02545 102056
7.03369 101026
7.03369 102056
7.04193 101026
7.04193 102056
7.05017 101026
7.05017 102056
7.05841 101970
7.05841 103000
7.0591 101970
7.0591 103000
7.06734 101970
7.06734 103000
7.07558 101970
7.07558 103000
7.08382 101970
7.08382 103000
7.09206 101970
7.09206 103000
7.1003 101970
7.1003 103000
7.10854 101970
7.10854 103000
7.11678 101970
7.11678 103000
7.12502 101970
7.12502 103000
7.13326 101970
7.13326 103000
7.1415 101970
7.1415 103000
7.14974 101970
7.14974 103000
7.15798 101970
7.15798 103000
7.16622 101970
7.16622 103000
7.17446 101970
7.17446 103000
7.1827 101970
7.1827 103000
7.19094 101970
7.19094 103000
7.19918 101970
7.19918 103000
7.20742 101970
7.20742 103000
7.21566 101970
7.21566 103000
7.2239 101970
7.2239 103000
7.23214 101970
7.23214 103000
7.24038 101970
7.24038 103000
7.24862 101970
7.24862 103000
7.25686 101970
7.25686 103000
7.2651 101970
7.2651 103000
7.27334 101970
7.27334 103000
7.28158 101970
7.28158 103000
7.28982 101970
7.28982 103000
7.29806 101970
7.29806 103000
7.3063 101970
7.3063 103000
7.31454 101970
7.31454 103000
7.32278 101970
7.32278 103000
7.33102 101970
7.33102 103000
7.33926 101970
7.33926 103000
7.3475 101970
7.3475 103000
7.35574 101970
7.35574 103000
7.36398 101970
7.36398 103000
7.37222 101970
7.37222 103000
7.38046 101970
7.38046 103000
7.3887 101970
7.3887 103000
7.39694 101970
7.39694 103000
7.40518 101970
7.40518 103000
7.41342 101970
7.41342 103000
7.42166 101970
7.42166 103000
7.4299 101970
7.4299 103000
7.43814 101970
7.43814 103000
7.44638 101970
7.44638 103000
7.45462 101970
7.45462 103000
7.46286 101970
7.46286 103000
7.4711 101970
7.4711 103000
7.47934 101970
7.47934 103000
7.48758 101970
7.48758 103000
7.49582 101970
7.49582 103000
7.50406 101970
7.50406 103000
7.5123 101970
7.5123 103000
7.52054 101970
7.52054 103000
7.52878 101970
7.52878 103000
7.53702 101970
7.53702 103000
7.54526 101970
7.54526 103000
7.5535 101970
7.5535 103000
7.56174 101970
7.56174 103000
7.56998 101970
7.56998 103000
7.57822 101970
7.57822 103000
7.58646 101970
7.58646 103000
7.5947 101970
7.5947 103000
7.60294 101970
7.60294 103000
7.61118 101970
7.61118 103000
7.61942 101970
7.61942 103000
7.62766 101970
7.62766 103000
7.6359 101970
7.6359 103000
7.64414 101970
7.64414 103000
7.65238 101970
7.65238 103000
7.66062 101970
7.66062 103000
7.66886 101970
7.66886 103000
7.6771 101970
7.6771 103000
7.68534 101970
7.68534 103000
7.69358 101970
7.69358 103000
7.70182 101970
7.70182 103000
7.71006 101970
7.71006 103000
7.7183 101970
7.7183 103000
7.72654 101970
7.72654 103000
7.73478 101970
7.73478 103000
7.74302 101970
7.74302 103000
7.75126 101970
7.75126 103000
7.7595 101970
7.7595 103000
7.76774 101970
7.76774 103000
7.77598 101970
7.77598 103000
7.78422 101970
7.78422 103000
7.79246 101970
7.79246 103000
7.8007 101970
7.8007 103000
7.80894 101970
7.80894 103000
7.81718 101970
7.81718 103000
7.82542 101970
7.82542 103000
7.83366 101970
7.83366 103000
7.8419 101970
7.8419 103000
7.85014 101970
7.85014 103000
7.85838 101970
7.85838 103000
7.86662 101970
7.86662 103000
7.87486 101970
7.87486 103000
7.8831 101970
7.8831 103000
7.89134 101970
7.89134 103000
7.89958 101970
7.89958 103000
7.90782 101970
7.90782 103000
7.91606 101970
7.91606 103000
7.9243 101970
7.9243 103000
7.93254 101970
7.93254 103000
7.94078 101970
7.94078 103000
7.94902 101970
7.94902 103000
7.95726 101970
7.95726 103000
7.9655 101970
7.9655 103000
7.97374 101970
7.97374 103000
7.98198 101970
7.98198 103000
7.99022 101970
7.99022 103000
7.99846 101970
7.99846 103000
8.0067 101970
8.0067 103000
8.01494 101970
8.01494 103000
8.02318 101970
8.02318 103000
8.03142 101970
8.03142 103000
8.03966 101970
8.03966 103000
8.0479 101970
8.0479 103000
8.05614 101970
8.05614 103000
8.06438 101970
8.06438 103000
8.07262 101970
8.07262 103000
8.08086 101970
8.08086 103000
8.0891 101970
8.0891 103000
8.09734 101970
8.09734 103000
8.10558 101970
8.10558 103000
8.11382 101970
8.11382 103000
8.12206 101970
8.12206 103000
8.1303 101970
8.1303 103000
8.13854 101970
8.13854 103000
8.14678 101970
8.14678 103000
8.15502 101970
8.15502 103000
8.16326 101970
8.16326 103000
8.1715 101970
8.1715 103000
8.17974 101970
8.17974 103000
8.18798 101970
8.18798 103000
8.19622 101970
8.19622 103000
8.20446 101970
8.20446 103000
8.2127 101970
8.2127 103000
8.22094 101970
8.22094 103000
8.22918 101970
8.22918 103000
8.23742 101970
8.23742 103000
8.24566 101970
8.24566 103000
8.2539 101970
8.2539 103000
8.26214 101970
8.26214 103000
8.27038 101970
8.27038 103000
8.27862 101970
8.27862 103000
8.28686 101970
8.28686 103000
8.2951 101970
8.2951 102056
8.30334 101026
8.30334 102056
8.31158 101026
8.31158 102056
8.31982 101026
8.31982 102056
8.32806 101026
8.32806 102056
8.3363 101026
8.3363 102056
8.34454 101026
8.34454 102056
8.35278 101026
8.35278 102056
8.36102 101026
8.36102 102056
8.36926 101026
8.36926 102056
8.3775 101026
8.3775 102056
8.38574 101026
8.38574 102056
8.39398 101026
8.39398 102056
8.40222 101026
8.40222 102056
8.41046 101026
8.41046 102056
8.4187 101026
8.4187 102056
8.42694 101026
8.42694 102056
8.43518 101026
8.43518 102056
8.44342 101026
8.44342 102056
8.45166 101026
8.45166 102056
8.4599 101026
8.4599 102056
8.46814 101026
8.46814 102056
8.47638 101026
8.47638 102056
8.48462 101026
8.48462 102056
8.49286 101026
8.49286 102056
8.5011 101026
8.5011 102056
8.50934 101026
8.50934 102056
8.51758 101026
8.51758 102056
8.52582 101026
8.52582 102056
8.53406 101026
8.53406 102056
8.5423 101026
8.5423 102056
8.55054 101026
8.55054 102056
8.55878 101026
8.55878 102056
8.56702 101026
8.56702 102056
8.57526 101026
8.57526 102056
8.5835 101026
8.5835 102056
8.59174 101026
8.59174 102056
8.59998 101026
8.59998 102056
8.60822 101026
8.60822 102056
8.61646 101026
8.61646 102056
8.6247 101026
8.6247 102056
8.63294 101026
8.63294 102056
8.64118 101026
8.64118 102056
8.64942 101026
8.64942 102056
8.65766 101026
8.65766 102056
8.6659 101026
8.6659 102056
8.67414 101026
8.67414 102056
8.68238 101026
8.68238 102056
8.69062 101026
8.69062 102056
8.69886 101026
8.69886 102056
8.7071 101026
8.7071 102056
8.71534 101026
8.71534 102056
8.72358 101026
8.72358 102056
8.73182 101026
8.73182 102056
8.74006 101026
8.74006 102056
8.7483 101026
8.7483 102056
8.75654 101026
8.75654 102056
8.76478 101026
8.76478 102056
8.77302 101026
8.77302 102056
8.78126 101026
8.78126 102056
8.7895 101026
8.7895 102056
8.79774 101026
8.79774 102056
8.80598 101026
8.80598 102056
8.81422 101026
8.81422 102056
8.82246 101026
8.82246 102056
8.8307 101026
8.8307 102056
8.83894 101026
8.83894 102056
8.84718 101026
8.84718 102056
8.85542 101026
8.85542 102056
8.86366 101026
8.86366 102056
8.8719 101026
8.8719 102056
8.88014 101026
8.88014 102056
8.88838 101026
8.88838 102056
8.89662 101026
8.89662 102056
8.90486 101026
8.90486 102056
8.9131 101026
8.9131 102056
8.92134 101026
8.92134 102056
8.92958 101026
8.92958 102056
8.93782 101026
8.93782 102056
8.94606 101026
8.94606 102056
8.9543 101026
8.9543 102056
8.96254 101026
8.96254 102056
8.97078 101026
8.97078 102056
8.97902 101026
8.97902 102056
8.98726 101026
8.98726 102056
8.9955 101026
8.9955 102056
9.00374 101026
9.00374 102056
9.01198 101026
9.01198 102056
9.02022 101026
9.02022 102056
9.02846 101026
9.02846 102056
9.0367 101026
9.0367 102056
9.04494 101026
9.04494 102056
9.05318 101026
9.05318 102056
9.06142 101026
9.06142 102056
9.06966 101026
9.06966 102056
9.0779 101026
9.0779 102056
9.08614 101026
9.08614 102056
9.09438 101026
9.09438 102056
9.10262 101026
9.10262 102056
9.11086 101026
9.11086 102056
9.1191 101970
9.1191 103000
9.11978 101970
9.11978 103000
9.12802 101970
9.12802 103000
9.13626 101970
9.13626 103000
9.1445 101970
9.1445 103000
9.15274 101970
9.15274 103000
9.16098 101970
9.16098 103000
9.16922 101970
9.16922 103000
9.17746 101970
9.17746 103000
9.1857 101970
9.1857 103000
9.19394 101970
9.19394 103000
9.20218 101970
9.20218 103000
9.21042 101970
9.21042 103000
9.21866 101970
9.21866 103000
9.2269 101970
9.2269 103000
9.23514 101970
9.23514 103000
9.24338 101970
9.24338 103000
9.25162 101970
9.25162 103000
9.25986 101970
9.25986 103000
9.2681 101970
9.2681 103000
9.27634 101970
9.27634 103000
9.28458 101970
9.28458 103000
9.29282 101970
9.29282 103000
9.30106 101970
9.30106 103000
9.3093 101970
9.3093 103000
9.31754 101970
9.31754 103000
9.32578 101970
9.32578 103000
9.33402 101970
9.33402 103000
9.34226 101970
9.34226 103000
9.3505 101970
9.3505 103000
9.35874 101970
9.35874 103000
9.36698 101970
9.36698 103000
9.37522 101970
9.37522 103000
9.38346 101970
9.38346 103000
9.3917 101970
9.3917 103000
9.39994 101970
9.39994 103000
9.40818 101970
9.40818 103000
9.41642 101970
9.41642 103000
9.42466 101970
9.42466 103000
9.4329 101970
9.4329 103000
9.44114 101970
9.44114 103000
9.44938 101970
9.44938 103000
9.45762 101970
9.45762 103000
9.46586 101970
9.46586 103000
9.4741 101970
9.4741 103000
9.48234 101970
9.48234 103000
9.49058 101970
9.49058 103000
9.49882 101970
9.49882 103000
9.50706 101970
9.50706 103000
9.5153 101970
9.5153 103000
9.52354 101970
9.52354 103000
9.53178 101970
9.53178 103000
9.54002 101970
9.54002 103000
9.54826 101970
9.54826 103000
9.5565 101970
9.5565 103000
9.56474 101970
9.56474 103000
9.57298 101970
9.57298 103000
9.58122 101970
9.58122 103000
9.58946 101970
9.58946 103000
9.5977 101970
9.5977 103000
9.60594 101970
9.60594 103000
9.61418 101970
9.61418 103000
9.62242 101970
9.62242 103000
9.63066 101970
9.63066 103000
9.6389 101970
9.6389 103000
9.64714 101970
9.64714 103000
9.65538 101970
9.65538 103000
9.66362 101970
9.66362 103000
9.67186 101970
9.67186 103000
9.6801 101970
9.6801 103000
9.68834 101970
9.68834 103000
9.69658 101970
9.69658 103000
9.70482 101970
9.70482 103000
9.71306 101970
9.71306 103000
9.7213 101970
9.7213 103000
9.72954 101970
9.72954 103000
9.73778 101970
9.73778 103000
9.74602 101970
9.74602 103000
9.75426 101970
9.75426 103000
9.7625 101970
9.7625 103000
9.77074 101970
9.77074 103000
9.77898 101970
9.77898 103000
9.78722 101970
9.78722 103000
9.79546 101970
9.79546 103000
9.8037 101970
9.8037 103000
9.81194 101970
9.81194 103000
9.82018 101970
9.82018 103000
9.82842 101970
9.82842 103000
9.83666 101970
9.83666 103000
9.8449 101970
9.8449 103000
9.85314 101970
9.85314 103000
9.86138 101970
9.86138 103000
9.86962 101970
9.86962 103000
9.87786 101970
9.87786 103000
9.8861 101970
9.8861 103000
9.89434 101970
9.89434 103000
9.90258 101970
9.90258 103000
9.91082 101970
9.91082 103000
9.91906 101970
9.91906 103000
9.9273 101970
9.9273 103000
9.93554 101970
9.93554 103000
9.94378 101970
9.94378 103000
9.95202 101970
9.95202 103000
9.96026 101970
9.96026 103000
9.9685 101970
9.9685 103000
9.97674 101970
9.97674 103000
9.98498 101970
9.98498 103000
9.99322 101970
9.99322 103000
10.0015 101970
10.0015 103000
10.0097 101970
10.0097 103000
10.0179 101970
10.0179 103000
10.0262 101970
10.0262 103000
10.0344 101970
10.0344 103000
10.0427 101970
10.0427 103000
10.0509 101970
10.0509 103000
10.0591 101970
10.0591 103000
10.0674 101970
10.0674 103000
10.0756 101970
10.0756 103000
10.0839 101970
10.0839 103000
10.0921 101970
10.0921 103000
10.1003 101970
10.1003 103000
10.1086 101970
10.1086 103000
10.1168 101970
10.1168 103000
10.1251 101970
10.1251 103000
10.1333 101970
10.1333 103000
10.1415 101970
10.1415 103000
10.1498 101970
10.1498 103000
10.158 101970
10.158 103000
10.1663 101970
10.1663 103000
10.1745 101970
10.1745 103000
10.1827 101970
10.1827 103000
10.191 101970
10.191 103000
10.1992 101970
10.1992 103000
10.2075 101970
10.2075 103000
10.2157 101970
10.2157 103000
10.2239 101970
10.2239 103000
10.2322 101970
10.2322 103000
10.2404 101970
10.2404 103000
10.2487 101970
10.2487 103000
10.2569 101970
10.2569 103000
10.2651 101970
10.2651 103000
10.2734 101970
10.2734 103000
10.2816 101970
10.2816 103000
10.2899 101970
10.2899 103000
10.2981 101970
10.2981 103000
10.3063 101970
10.3063 103000
10.3146 101970
10.3146 103000
10.3228 101970
10.3228 103000
10.3311 101970
10.3311 103000
10.3393 101970
10.3393 103000
10.3475 101970
10.3475 103000
10.3558 101970
10.3558 102056
10.364 101026
10.364 102056
10.3723 101026
10.3723 102056
10.3805 101026
10.3805 102056
10.3887 101026
10.3887 102056
10.397 101026
10.397 102056
10.4052 101026
10.4052 102056
10.4135 101026
10.4135 102056
10.4217 101026
10.4217 102056
10.4299 101026
10.4299 102056
10.4382 101026
10.4382 102056
10.4464 101026
10.4464 102056
10.4547 101026
10.4547 102056
10.4629 101026
10.4629 102056
10.4711 101026
10.4711 102056
10.4794 101026
10.4794 102056
10.4876 101026
10.4876 102056
10.4959 101026
10.4959 102056
10.5041 101026
10.5041 102056
10.5123 101026
10.5123 102056
10.5206 101026
10.5206 102056
10.5288 101026
10.5288 102056
10.5371 101026
10.5371 102056
10.5453 101026
10.5453 102056
10.5535 101026
10.5535 102056
10.5618 101026
10.5618 102056
10.57 101026
10.57 102056
10.5783 101026
10.5783 102056
10.5865 101026
10.5865 102056
10.5947 101026
10.5947 102056
10.603 101026
10.603 102056
10.6112 101026
10.6112 102056
10.6195 101026
10.6195 102056
10.6277 101026
10.6277 102056
10.6359 101026
10.6359 102056
10.6442 101026
10.6442 102056
10.6524 101026
10.6524 102056
10.6607 101026
10.6607 102056
10.6689 101026
10.6689 102056
10.6771 101026
10.6771 102056
10.6854 101026
10.6854 102056
10.6936 101026
10.6936 102056
10.7019 101026
10.7019 102056
10.7101 101026
10.7101 102056
10.7183 101026
10.7183 102056
10.7266 101026
10.7266 102056
10.7348 101026
10.7348 102056
10.7431 101026
10.7431 102056
10.7513 101026
10.7513 102056
10.7595 101026
10.7595 102056
10.7678 101026
10.7678 102056
10.776 101026
10.776 102056
10.7843 101026
10.7843 102056
10.7925 101026
10.7925 102056
10.8007 101026
10.8007 102056
10.809 101026
10.809 102056
10.8172 101026
10.8172 102056
10.8255 101026
10.8255 102056
10.8337 101026
10.8337 102056
10.8419 101026
10.8419 102056
10.8502 101026
10.8502 102056
10.8584 101026
10.8584 102056
10.8667 101026
10.8667 102056
10.8749 101026
10.8749 102056
10.8831 101026
10.8831 102056
10.8914 101026
10.8914 102056
10.8996 101026
10.8996 102056
10.9079 101026
10.9079 102056
10.9161 101026
10.9161 102056
10.9243 101026
10.9243 102056
10.9326 101026
10.9326 102056
10.9408 101026
10.9408 102056
10.9491 101026
10.9491 102056
10.9573 101026
10.9573 102056
10.9655 101026
10.9655 102056
10.9738 101026
10.9738 102056
10.982 101026
10.982 102056
10.9903 101026
10.9903 102056
10.9985 101026
10.9985 102056
11.0067 101026
11.0067 102056
11.015 101026
11.015 102056
11.0232 101026
11.0232 102056
11.0315 101026
11.0315 102056
11.0397 101026
11.0397 102056
11.0479 101026
11.0479 102056
11.0562 101026
11.0562 102056
11.0644 101026
11.0644 102056
11.0727 101026
11.0727 102056
11.0809 101026
11.0809 102056
11.0891 101026
11.0891 102056
11.0974 101026
11.0974 102056
11.1056 101026
11.1056 102056
11.1139 101026
11.1139 102056
11.1221 101026
11.1221 102056
11.1303 101026
11.1303 102056
11.1386 101026
11.1386 102056
11.1468 101026
11.1468 102056
11.1551 101026
11.1551 102056
11.1633 101026
11.1633 102056
11.1715 101026
11.1715 102056
11.1798 101970
11.1798 103000
11.1805 101970
11.1805 103000
11.1887 101970
11.1887 103000
11.197 101970
11.197 103000
11.2052 101970
11.2052 103000
11.2134 101970
11.2134 103000
11.2217 101970
11.2217 103000
11.2299 101970
11.2299 103000
11.2382 101970
11.2382 103000
11.2464 101970
11.2464 103000
11.2546 101970
11.2546 103000
11.2629 101970
11.2629 103000
11.2711 101970
11.2711 103000
11.2794 101970
11.2794 103000
11.2876 101970
11.2876 103000
11.2958 101970
11.2958 103000
11.3041 101970
11.3041 103000
11.3123 101970
11.3123 103000
11.3206 101970
11.3206 103000
11.3288 101970
11.3288 103000
11.337 101970
11.337 103000
11.3453 101970
11.3453 103000
11.3535 101970
11.3535 103000
11.3618 101970
11.3618 103000
11.37 101970
11.37 103000
11.3782 101970
11.3782 103000
11.3865 101970
11.3865 103000
11.3947 101970
11.3947 103000
11.403 101970
11.403 103000
11.4112 101970
11.4112 103000
11.4194 101970
11.4194 103000
11.4277 101970
11.4277 103000
11.4359 101970
11.4359 103000
11.4442 101970
11.4442 103000
11.4524 101970
11.4524 103000
11.4606 101970
11.4606 103000
11.4689 101970
11.4689 103000
11.4771 101970
11.4771 103000
11.4854 101970
11.4854 103000
11.4936 101970
11.4936 103000
11.5018 101970
11.5018 103000
11.5101 101970
11.5101 103000
11.5183 101970
11.5183 103000
11.5266 101970
11.5266 103000
11.5348 101970
11.5348 103000
11.543 101970
11.543 103000
11.5513 101970
11.5513 103000
11.5595 101970
11.5595 103000
11.5678 101970
11.5678 103000
11.576 101970
11.576 103000
11.5842 101970
11.5842 103000
11.5925 101970
11.5925 103000
11.6007 101970
11.6007 103000
11.609 101970
11.609 103000
11.6172 101970
11.6172 103000
11.6254 101970
11.6254 103000
11.6337 101970
11.6337 103000
11.6419 101970
11.6419 103000
11.6502 101970
11.6502 103000
11.6584 101970
11.6584 103000
11.6666 101970
11.6666 103000
11.6749 101970
11.6749 103000
11.6831 101970
11.6831 103000
11.6914 101970
11.6914 103000
11.6996 101970
11.6996 103000
11.7078 101970
11.7078 103000
11.7161 101970
11.7161 103000
11.7243 101970
11.7243 103000
11.7326 101970
11.7326 103000
11.7408 101970
11.7408 103000
11.749 101970
11.749 103000
11.7573 101970
11.7573 103000
11.7655 101970
11.7655 103000
11.7738 101970
11.7738 103000
11.782 101970
11.782 103000
11.7902 101970
11.7902 103000
11.7985 101970
11.7985 103000
11.8067 101970
11.8067 103000
11.815 101970
11.815 103000
11.8232 101970
11.8232 103000
11.8314 101970
11.8314 103000
11.8397 101970
11.8397 103000
11.8479 101970
11.8479 103000
11.8562 101970
11.8562 103000
11.8644 101970
11.8644 103000
11.8726 101970
11.8726 103000
11.8809 101970
11.8809 103000
11.8891 101970
11.8891 103000
11.8974 101970
11.8974 103000
11.9056 101970
11.9056 103000
11.9138 101970
11.9138 103000
11.9221 101970
11.9221 103000
11.9303 101970
11.9303 103000
11.9386 101970
11.9386 103000
11.9468 101970
11.9468 103000
11.955 101970
11.955 103000
11.9633 101970
11.9633 103000
11.9715 101970
11.9715 103000
11.9798 101970
11.9798 103000
11.988 101970
11.988 103000
11.9962 101970
11.9962 103000
12.0045 101970
12.0045 103000
12.0127 101970
12.0127 103000
12.021 101970
12.021 103000
12.0292 101970
12.0292 103000
12.0374 101970
12.0374 103000
12.0457 101970
12.0457 103000
12.0539 101970
12.0539 103000
12.0622 101970
12.0622 103000
12.0704 101970
12.0704 103000
12.0786 101970
12.0786 103000
12.0869 101970
12.0869 103000
12.0951 101970
12.0951 103000
12.1034 101970
12.1034 103000
12.1116 101970
12.1116 103000
12.1198 101970
12.1198 103000
12.1281 101970
12.1281 103000
12.1363 101970
12.1363 103000
12.1446 101970
12.1446 103000
12.1528 101970
12.1528 103000
12.161 101970
12.161 103000
12.1693 101970
12.1693 103000
12.1775 101970
12.1775 103000
12.1858 101970
12.1858 103000
12.194 101970
12.194 103000
12.2022 101970
12.2022 103000
12.2105 101970
12.2105 103000
12.2187 101970
12.2187 103000
12.227 101970
12.227 103000
12.2352 101970
12.2352 103000
12.2434 101970
12.2434 103000
12.2517 101970
12.2517 103000
12.2599 101970
12.2599 103000
12.2682 101970
12.2682 103000
12.2764 101970
12.2764 103000
12.2846 101970
12.2846 103000
12.2929 101970
12.2929 103000
12.3011 101970
12.3011 103000
12.3094 101970
12.3094 103000
12.3176 101970
12.3176 103000
12.3258 101970
12.3258 103000
12.3341 101970
12.3341 103000
12.3423 101970
12.3423 103000
12.3506 101970
12.3506 103000
12.3588 101970
12.3588 103000
12.367 101970
12.367 103000
12.3753 101970
12.3753 103000
12.3835 101970
12.3835 103000
12.3918 101970
12.3918 103000
12.4 101970
12.4 103000
12.4082 101970
12.4082 103000
12.4165 101970
12.4165 102056
12.4247 101026
12.4247 102056
12.433 101026
12.433 102056
12.4412 101026
12.4412 102056
12.4494 101026
12.4494 102056
12.4577 101026
12.4577 102056
12.4659 101026
12.4659 102056
12.4742 101026
12.4742 102056
12.4824 101026
12.4824 102056
12.4906 101026
12.4906 102056
12.4989 101026
12.4989 102056
12.5071 101026
12.5071 102056
12.5154 101026
12.5154 102056
12.5236 101026
12.5236 102056
12.5318 101026
12.5318 102056
12.5401 101026
12.5401 102056
12.5483 101026
12.5483 102056
12.5566 101026
12.5566 102056
12.5648 101026
12.5648 102056
12.573 101026
12.573 102056
12.5813 101026
12.5813 102056
12.5895 101026
12.5895 102056
12.5978 101026
12.5978 102056
12.606 101026
12.606 102056
12.6142 101026
12.6142 102056
12.6225 101026
12.6225 102056
12.6307 101026
12.6307 102056
12.639 101026
12.639 102056
12.6472 101026
12.6472 102056
12.6554 101026
12.6554 102056
12.6637 101026
12.6637 102056
12.6719 101026
12.6719 102056
12.6802 101026
12.6802 102056
12.6884 101026
12.6884 102056
12.6966 101026
12.6966 102056
12.7049 101026
12.7049 102056
12.7131 101026
12.7131 102056
12.7214 101026
12.7214 102056
12.7296 101026
12.7296 102056
12.7378 101026
12.7378 102056
12.7461 101026
12.7461 102056
12.7543 101026
12.7543 102056
12.7626 101026
12.7626 102056
12.7708 101026
12.7708 102056
12.779 101026
12.779 102056
12.7873 101026
12.7873 102056
12.7955 101026
12.7955 102056
12.8038 101026
12.8038 102056
12.812 101026
12.812 102056
12.8202 101026
12.8202 102056
12.8285 101026
12.8285 102056
12.8367 101026
12.8367 102056
12.845 101026
12.845 102056
12.8532 101026
12.8532 102056
12.8614 101026
12.8614 102056
12.8697 101026
12.8697 102056
12.8779 101026
12.8779 102056
12.8862 101026
12.8862 102056
12.8944 101026
12.8944 102056
12.9026 101026
12.9026 102056
12.9109 101026
12.9109 102056
12.9191 101026
12.9191 102056
12.9274 101026
12.9274 102056
12.9356 101026
12.9356 102056
12.9438 101026
12.9438 102056
12.9521 101026
12.9521 102056
12.9603 101026
12.9603 102056
12.9686 101026
12.9686 102056
12.9768 101026
12.9768 102056
12.985 101026
12.985 102056
12.9933 101026
12.9933 102056
13.0015 101026
13.0015 102056
13.0098 101026
13.0098 102056
13.018 101026
13.018 102056
13.0262 101026
13.0262 102056
13.0345 101026
13.0345 102056
13.0427 101026
13.0427 102056
13.051 101026
13.051 102056
13.0592 101026
13.0592 102056
13.0674 101026
13.0674 102056
13.0757 101026
13.0757 102056
13.0839 101026
13.0839 102056
13.0922 101026
13.0922 102056
13.1004 101026
13.1004 102056
13.1086 101026
13.1086 102056
13.1169 101026
13.1169 102056
13.1251 101026
13.1251 102056
13.1334 101026
13.1334 102056
13.1416 101026
13.1416 102056
13.1498 101026
13.1498 102056
13.1581 101026
13.1581 102056
13.1663 101026
13.1663 102056
13.1746 101026
13.1746 102056
13.1828 101026
13.1828 102056
13.191 101026
13.191 102056
13.1993 101026
13.1993 102056
13.2075 101026
13.2075 102056
13.2158 101026
13.2158 102056
13.224 101026
13.224 102056
13.2322 101026
13.2322 102056
13.2405 101970
13.2405 103000
13.2412 101970
13.2412 103000
13.2494 101970
13.2494 103000
13.2576 101970
13.2576 103000
13.2659 101970
13.2659 103000
13.2741 101970
13.2741 103000
13.2824 101970
13.2824 103000
13.2906 101970
13.2906 103000
13.2988 101970
13.2988 103000
13.3071 101970
13.3071 103000
13.3153 101970
13.3153 103000
13.3236 101970
13.3236 103000
13.3318 101970
13.3318 103000
13.34 101970
13.34 103000
13.3483 101970
13.3483 103000
13.3565 101970
13.3565 103000
13.3648 101970
13.3648 103000
13.373 101970
13.373 103000
13.3812 101970
13.3812 103000
13.3895 101970
13.3895 103000
13.3977 101970
13.3977 103000
13.406 101970
13.406 103000
13.4142 101970
13.4142 103000
13.4224 101970
13.4224 103000
13.4307 101970
13.4307 103000
13.4389 101970
13.4389 103000
13.4472 101970
13.4472 103000
13.4554 101970
13.4554 103000
13.4636 101970
13.4636 103000
13.4719 101970
13.4719 103000
13.4801 101970
13.4801 103000
13.4884 101970
13.4884 103000
13.4966 101970
13.4966 103000
13.5048 101970
13.5048 103000
13.5131 101970
13.5131 103000
13.5213 101970
13.5213 103000
13.5296 101970
13.5296 103000
13.5378 101970
13.5378 103000
13.546 101970
13.546 103000
13.5543 101970
13.5543 103000
13.5625 101970
13.5625 103000
13.5708 101970
13.5708 103000
13.579 101970
13.579 103000
13.5872 101970
13.5872 103000
13.5955 101970
13.5955 103000
13.6037 101970
13.6037 103000
13.612 101970
13.612 103000
13.6202 101970
13.6202 103000
13.6284 101970
13.6284 103000
13.6367 101970
13.6367 103000
13.6449 101970
13.6449 103000
13.6532 101970
13.6532 103000
13.6614 101970
13.6614 103000
13.6696 101970
13.6696 103000
13.6779 101970
13.6779 103000
13.6861 101970
13.6861 103000
13.6944 101970
13.6944 103000
13.7026 101970
13.7026 103000
13.7108 101970
13.7108 103000
13.7191 101970
13.7191 103000
13.7273 101970
13.7273 103000
13.7356 101970
13.7356 103000
13.7438 101970
13.7438 103000
13.752 101970
13.752 103000
13.7603 101970
13.7603 103000
13.7685 101970
13.7685 103000
13.7768 101970
13.7768 103000
13.785 101970
13.785 103000
13.7932 101970
13.7932 103000
13.8015 101970
13.8015 103000
13.8097 101970
13.8097 103000
13.818 101970
13.818 103000
13.8262 101970
13.8262 103000
13.8344 101970
13.8344 103000
13.8427 101970
13.8427 103000
13.8509 101970
13.8509 103000
13.8592 101970
13.8592 103000
13.8674 101970
13.8674 103000
13.8756 101970
13.8756 103000
13.8839 101970
13.8839 103000
13.8921 101970
13.8921 103000
13.9004 101970
13.9004 103000
13.9086 101970
13.9086 103000
13.9168 101970
13.9168 103000
13.9251 101970
13.9251 103000
13.9333 101970
13.9333 103000
13.9416 101970
13.9416 103000
13.9498 101970
13.9498 103000
13.958 101970
13.958 103000
13.9663 101970
13.9663 103000
13.9745 101970
13.9745 103000
13.9828 101970
13.9828 103000
13.991 101970
13.991 103000
13.9992 101970
13.9992 103000
14.0075 101970
14.0075 103000
14.0157 101970
14.0157 103000
14.024 101970
14.024 103000
14.0322 101970
14.0322 103000
14.0404 101970
14.0404 103000
14.0487 101970
14.0487 103000
14.0569 101970
14.0569 103000
14.0652 101970
14.0652 103000
14.0734 101970
14.0734 103000
14.0816 101970
14.0816 103000
14.0899 101970
14.0899 103000
14.0981 101970
14.0981 103000
14.1064 101970
14.1064 103000
14.1146 101970
14.1146 103000
14.1228 101970
14.1228 103000
14.1311 101970
14.1311 103000
14.1393 101970
14.1393 103000
14.1476 101970
14.1476 103000
14.1558 101970
14.1558 103000
14.164 101970
14.164 103000
14.1723 101970
14.1723 103000
14.1805 101970
14.1805 103000
14.1888 101970
14.1888 103000
14.197 101970
14.197 103000
14.2052 101970
14.2052 103000
14.2135 101970
14.2135 103000
14.2217 101970
14.2217 103000
14.23 101970
14.23 103000
14.2382 101970
14.2382 103000
14.2464 101970
14.2464 103000
14.2547 101970
14.2547 103000
14.2629 101970
14.2629 103000
14.2712 101970
14.2712 103000
14.2794 101970
14.2794 103000
14.2876 101970
14.2876 103000
14.2959 101970
14.2959 103000
14.3041 101970
14.3041 103000
14.3124 101970
14.3124 103000
14.3206 101970
14.3206 103000
14.3288 101970
14.3288 103000
14.3371 101970
14.3371 103000
14.3453 101970
14.3453 103000
14.3536 101970
14.3536 103000
14.3618 101970
14.3618 103000
14.37 101970
14.37 103000
14.3783 101970
14.3783 103000
14.3865 101970
14.3865 103000
14.3948 101970
14.3948 103000
14.403 101970
14.403 103000
14.4112 101970
14.4112 103000
14.4195 101970
14.4195 103000
14.4277 101970
14.4277 103000
14.436 101970
14.436 103000
14.4442 101970
14.4442 103000
14.4524 101970
14.4524 103000
14.4607 101970
14.4607 103000
14.4689 101970
14.4689 103000
14.4772 101970
14.4772 102056
14.4854 101026
14.4854 102056
14.4936 101026
14.4936 102056
14.5019 101026
14.5019 102056
14.5101 101026
14.5101 102056
14.5184 101026
14.5184 102056
14.5266 101026
14.5266 102056
14.5348 101026
14.5348 102056
14.5431 101026
14.5431 102056
14.5513 101026
14.5513 102056
14.5596 101026
14.5596 102056
14.5678 101026
14.5678 102056
14.576 101026
14.576 102056
14.5843 101026
14.5843 102056
14.5925 101026
14.5925 102056
14.6008 101026
14.6008 102056
14.609 101026
14.609 102056
14.6172 101026
14.6172 102056
14.6255 101026
14.6255 102056
14.6337 101026
14.6337 102056
14.642 101026
14.642 102056
14.6502 101026
14.6502 102056
14.6584 101026
14.6584 102056
14.6667 101026
14.6667 102056
14.6749 101026
14.6749 102056
14.6832 101026
14.6832 102056
14.6914 101026
14.6914 102056
14.6996 101026
14.6996 102056
14.7079 101026
14.7079 102056
14.7161 101026
14.7161 102056
14.7244 101026
14.7244 102056
14.7326 101026
14.7326 102056
14.7408 101026
14.7408 102056
14.7491 101026
14.7491 102056
14.7573 101026
14.7573 102056
14.7656 101026
14.7656 102056
14.7738 101026
14.7738 102056
14.782 101026
14.782 102056
14.7903 101026
14.7903 102056
14.7985 101026
14.7985 102056
14.8068 101026
14.8068 102056
14.815 101026
14.815 102056
14.8232 101026
14.8232 102056
14.8315 101026
14.8315 102056
14.8397 101026
14.8397 102056
14.848 101026
14.848 102056
14.8562 101026
14.8562 102056
14.8644 101026
14.8644 102056
14.8727 101026
14.8727 102056
14.8809 101026
14.8809 102056
14.8892 101026
14.8892 102056
14.8974 101026
14.8974 102056
14.9056 101026
14.9056 102056
14.9139 101026
14.9139 102056
14.9221 101026
14.9221 102056
14.9304 101026
14.9304 102056
14.9386 101026
14.9386 102056
14.9468 101026
14.9468 102056
14.9551 101026
14.9551 102056
14.9633 101026
14.9633 102056
14.9716 101026
14.9716 102056
14.9798 101026
14.9798 102056
14.988 101026
14.988 102056
14.9963 101026
14.9963 102056
15.0045 101026
15.0045 102056
15.0128 101026
15.0128 102056
15.021 101026
15.021 102056
15.0292 101026
15.0292 102056
15.0375 101026
15.0375 102056
15.0457 101026
15.0457 102056
15.054 101026
15.054 102056
15.0622 101026
15.0622 102056
15.0704 101026
15.0704 102056
15.0787 101026
15.0787 102056
15.0869 101026
15.0869 102056
15.0952 101026
15.0952 102056
15.1034 101026
15.1034 102056
15.1116 101026
15.1116 102056
15.1199 101026
15.1199 102056
15.1281 101026
15.1281 102056
15.1364 101026
15.1364 102056
15.1446 101026
15.1446 102056
15.1528 101026
15.1528 102056
15.1611 101026
15.1611 102056
15.1693 101026
15.1693 102056
15.1776 101026
15.1776 102056
15.1858 101026
15.1858 102056
15.194 101026
15.194 102056
15.2023 101026
15.2023 102056
15.2105 101026
15.2105 102056
15.2188 101026
15.2188 102056
15.227 101026
15.227 102056
15.2352 101026
15.2352 102056
15.2435 101026
15.2435 102056
15.2517 101026
15.2517 102056
15.26 101026
15.26 102056
15.2682 101026
15.2682 102056
15.2764 101026
15.2764 102056
15.2847 101026
15.2847 102056
15.2929 101026
15.2929 102056
15.3012 101970
15.3012 103000
15.3018 101970
15.3018 103000
15.3101 101970
15.3101 103000
15.3183 101970
15.3183 103000
15.3266 101970
15.3266 103000
15.3348 101970
15.3348 103000
15.343 101970
15.343 103000
15.3513 101970
15.3513 103000
15.3595 101970
15.3595 103000
15.3678 101970
15.3678 103000
15.376 101970
15.376 103000
15.3842 101970
15.3842 103000
15.3925 101970
15.3925 103000
15.4007 101970
15.4007 103000
15.409 101970
15.409 103000
15.4172 101970
15.4172 103000
15.4254 101970
15.4254 103000
15.4337 101970
15.4337 103000
15.4419 101970
15.4419 103000
15.4502 101970
15.4502 103000
15.4584 101970
15.4584 103000
15.4666 101970
15.4666 103000
15.4749 101970
15.4749 103000
15.4831 101970
15.4831 103000
15.4914 101970
15.4914 103000
15.4996 101970
15.4996 103000
15.5078 101970
15.5078 103000
15.5161 101970
15.5161 103000
15.5243 101970
15.5243 103000
15.5326 101970
15.5326 103000
15.5408 101970
15.5408 103000
15.549 101970
15.549 103000
15.5573 101970
15.5573 103000
15.5655 101970
15.5655 103000
15.5738 101970
15.5738 103000
15.582 101970
15.582 103000
15.5902 101970
15.5902 103000
15.5985 101970
15.5985 103000
15.6067 101970
15.6067 103000
15.615 101970
15.615 103000
15.6232 101970
15.6232 103000
15.6314 101970
15.6314 103000
15.6397 101970
15.6397 103000
15.6479 101970
15.6479 103000
15.6562 101970
15.6562 103000
15.6644 101970
15.6644 103000
15.6726 101970
15.6726 103000
15.6809 101970
15.6809 103000
15.6891 101970
15.6891 103000
15.6974 101970
15.6974 103000
15.7056 101970
15.7056 103000
15.7138 101970
15.7138 103000
15.7221 101970
15.7221 103000
15.7303 101970
15.7303 103000
15.7386 101970
15.7386 103000
15.7468 101970
15.7468 103000
15.755 101970
15.755 103000
15.7633 101970
15.7633 103000
15.7715 101970
15.7715 103000
15.7798 101970
15.7798 103000
15.788 101970
15.788 103000
15.7962 101970
15.7962 103000
15.8045 101970
15.8045 103000
15.8127 101970
15.8127 103000
15.821 101970
15.821 103000
15.8292 101970
15.8292 103000
15.8374 101970
15.8374 103000
15.8457 101970
15.8457 103000
15.8539 101970
15.8539 103000
15.8622 101970
15.8622 103000
15.8704 101970
15.8704 103000
15.8786 101970
15.8786 103000
15.8869 101970
15.8869 103000
15.8951 101970
15.8951 103000
15.9034 101970
15.9034 103000
15.9116 101970
15.9116 103000
15.9198 101970
15.9198 103000
15.9281 101970
15.9281 103000
15.9363 101970
15.9363 103000
15.9446 101970
15.9446 103000
15.9528 101970
15.9528 103000
15.961 101970
15.961 103000
15.9693 101970
15.9693 103000
15.9775 101970
15.9775 103000
15.9858 101970
15.9858 103000
15.994 101970
15.994 103000
16.0022 101970
16.0022 103000
16.0105 101970
16.0105 103000
16.0187 101970
16.0187 103000
16.027 101970
16.027 103000
16.0352 101970
16.0352 103000
16.0434 101970
16.0434 103000
16.0517 101970
16.0517 103000
16.0599 101970
16.0599 103000
16.0682 101970
16.0682 103000
16.0764 101970
16.0764 103000
16.0846 101970
16.0846 103000
16.0929 101970
16.0929 103000
16.1011 101970
16.1011 103000
16.1094 101970
16.1094 103000
16.1176 101970
16.1176 103000
16.1258 101970
16.1258 103000
16.1341 101970
16.1341 103000
16.1423 101970
16.1423 103000
16.1506 101970
16.1506 103000
16.1588 101970
16.1588 103000
16.167 101970
16.167 103000
16.1753 101970
16.1753 103000
16.1835 101970
16.1835 103000
16.1918 101970
16.1918 103000
16.2 101970
16.2 103000
16.2082 101970
16.2082 103000
16.2165 101970
16.2165 103000
16.2247 101970
16.2247 103000
16.233 101970
16.233 103000
16.2412 101970
16.2412 103000
16.2494 101970
16.2494 103000
16.2577 101970
16.2577 103000
16.2659 101970
16.2659 103000
16.2742 101970
16.2742 103000
16.2824 101970
16.2824 103000
16.2906 101970
16.2906 103000
16.2989 101970
16.2989 103000
16.3071 101970
16.3071 103000
16.3154 101970
16.3154 103000
16.3236 101970
16.3236 103000
16.3318 101970
16.3318 103000
16.3401 101970
16.3401 103000
16.3483 101970
16.3483 103000
16.3566 101970
16.3566 103000
16.3648 101970
16.3648 103000
16.373 101970
16.373 103000
16.3813 101970
16.3813 103000
16.3895 101970
16.3895 103000
16.3978 101970
16.3978 103000
16.406 101970
16.406 103000
16.4142 101970
16.4142 103000
16.4225 101970
16.4225 103000
16.4307 101970
16.4307 103000
16.439 101970
16.439 103000
16.4472 101970
16.4472 103000
16.4554 101970
16.4554 103000
16.4637 101970
16.4637 103000
16.4719 101970
16.4719 103000
16.4802 101970
16.4802 103000
16.4884 101970
16.4884 103000
16.4966 101970
16.4966 103000
16.5049 101970
16.5049 103000
16.5131 101970
16.5131 103000
16.5214 101970
16.5214 103000
16.5296 101970
16.5296 103000
16.5378 101970
16.5378 102056
16.5461 101026
16.5461 102056
16.5543 101026
16.5543 102056
16.5626 101026
16.5626 102056
16.5708 101026
16.5708 102056
16.579 101026
16.579 102056
16.5873 101026
16.5873 102056
16.5955 101026
16.5955 102056
16.6038 101026
16.6038 102056
16.612 101026
16.612 102056
16.6202 101026
16.6202 102056
16.6285 101026
16.6285 102056
16.6367 101026
16.6367 102056
16.645 101026
16.645 102056
16.6532 101026
16.6532 102056
16.6614 101026
16.6614 102056
16.6697 101026
16.6697 102056
16.6779 101026
16.6779 102056
16.6862 101026
16.6862 102056
16.6944 101026
16.6944 102056
16.7026 101026
16.7026 102056
16.7109 101026
16.7109 102056
16.7191 101026
16.7191 102056
16.7274 101026
16.7274 102056
16.7356 101026
16.7356 102056
16.7438 101026
16.7438 102056
16.7521 101026
16.7521 102056
16.7603 101026
16.7603 102056
16.7686 101026
16.7686 102056
16.7768 101026
16.7768 102056
16.785 101026
16.785 102056
16.7933 101026
16.7933 102056
16.8015 101026
16.8015 102056
16.8098 101026
16.8098 102056
16.818 101026
16.818 102056
16.8262 101026
16.8262 102056
16.8345 101026
16.8345 102056
16.8427 101026
16.8427 102056
16.851 101026
16.851 102056
16.8592 101026
16.8592 102056
16.8674 101026
16.8674 102056
16.8757 101026
16.8757 102056
16.8839 101026
16.8839 102056
16.8922 101026
16.8922 102056
16.9004 101026
16.9004 102056
16.9086 101026
16.9086 102056
16.9169 101026
16.9169 102056
16.9251 101026
16.9251 102056
16.9334 101026
16.9334 102056
16.9416 101026
16.9416 102056
16.9498 101026
16.9498 102056
16.9581 101026
16.9581 102056
16.9663 101026
16.9663 102056
16.9746 101026
16.9746 102056
16.9828 101026
16.9828 102056
16.991 101026
16.991 102056
16.9993 101026
16.9993 102056
17.0075 101026
17.0075 102056
17.0158 101026
17.0158 102056
17.024 101026
17.024 102056
17.0322 101026
17.0322 102056
17.0405 101026
17.0405 102056
17.0487 101026
17.0487 102056
17.057 101026
17.057 102056
17.0652 101026
17.0652 102056
17.0734 101026
17.0734 102056
17.0817 101026
17.0817 102056
17.0899 101026
17.0899 102056
17.0982 101026
17.0982 102056
17.1064 101026
17.1064 102056
17.1146 101026
17.1146 102056
17.1229 101026
17.1229 102056
17.1311 101026
17.1311 102056
17.1394 101026
17.1394 102056
17.1476 101026
17.1476 102056
17.1558 101026
17.1558 102056
17.1641 101026
17.1641 102056
17.1723 101026
17.1723 102056
17.1806 101026
17.1806 102056
17.1888 101026
17.1888 102056
17.197 101026
17.197 102056
17.2053 101026
17.2053 102056
17.2135 101026
17.2135 102056
17.2218 101026
17.2218 102056
17.23 101026
17.23 102056
17.2382 101026
17.2382 102056
17.2465 101026
17.2465 102056
17.2547 101026
17.2547 102056
17.263 101026
17.263 102056
17.2712 101026
17.2712 102056
17.2794 101026
17.2794 102056
17.2877 101026
17.2877 102056
17.2959 101026
17.2959 102056
17.3042 101026
17.3042 102056
17.3124 101026
17.3124 102056
17.3206 101026
17.3206 102056
17.3289 101026
17.3289 102056
17.3371 101026
17.3371 102056
17.3454 101026
17.3454 102056
17.3536 101026
17.3536 102056
17.3618 101970
17.3618 103000
17.3625 101970
17.3625 103000
17.3708 101970
17.3708 103000
17.379 101970
17.379 103000
17.3873 101970
17.3873 103000
17.3955 101970
17.3955 103000
17.4037 101970
17.4037 103000
17.412 101970
17.412 103000
17.4202 101970
17.4202 103000
17.4285 101970
17.4285 103000
17.4367 101970
17.4367 103000
17.4449 101970
17.4449 103000
17.4532 101970
17.4532 103000
17.4614 101970
17.4614 103000
17.4697 101970
17.4697 103000
17.4779 101970
17.4779 103000
17.4861 101970
17.4861 103000
17.4944 101970
17.4944 103000
17.5026 101970
17.5026 103000
17.5109 101970
17.5109 103000
17.5191 101970
17.5191 103000
17.5273 101970
17.5273 103000
17.5356 101970
17.5356 103000
17.5438 101970
17.5438 103000
17.5521 101970
17.5521 103000
17.5603 101970
17.5603 103000
17.5685 101970
17.5685 103000
17.5768 101970
17.5768 103000
17.585 101970
17.585 103000
17.5933 101970
17.5933 103000
17.6015 101970
17.6015 103000
17.6097 101970
17.6097 103000
17.618 101970
17.618 103000
17.6262 101970
17.6262 103000
17.6345 101970
17.6345 103000
17.6427 101970
17.6427 103000
17.6509 101970
17.6509 103000
17.6592 101970
17.6592 103000
17.6674 101970
17.6674 103000
17.6757 101970
17.6757 103000
17.6839 101970
17.6839 103000
17.6921 101970
17.6921 103000
17.7004 101970
17.7004 103000
17.7086 101970
17.7086 103000
17.7169 101970
17.7169 103000
17.7251 101970
17.7251 103000
17.7333 101970
17.7333 103000
17.7416 101970
17.7416 103000
17.7498 101970
17.7498 103000
17.7581 101970
17.7581 103000
17.7663 101970
17.7663 103000
17.7745 101970
17.7745 103000
17.7828 101970
17.7828 103000
17.791 101970
17.791 103000
17.7993 101970
17.7993 103000
17.8075 101970
17.8075 103000
17.8157 101970
17.8157 103000
17.824 101970
17.824 103000
17.8322 101970
17.8322 103000
17.8405 101970
17.8405 103000
17.8487 101970
17.8487 103000
17.8569 101970
17.8569 103000
17.8652 101970
17.8652 103000
17.8734 101970
17.8734 103000
17.8817 101970
17.8817 103000
17.8899 101970
17.8899 103000
17.8981 101970
17.8981 103000
17.9064 101970
17.9064 103000
17.9146 101970
17.9146 103000
17.9229 101970
17.9229 103000
17.9311 101970
17.9311 103000
17.9393 101970
17.9393 103000
17.9476 101970
17.9476 103000
17.9558 101970
17.9558 103000
17.9641 101970
17.9641 103000
17.9723 101970
17.9723 103000
17.9805 101970
17.9805 103000
17.9888 101970
17.9888 103000
17.997 101970
17.997 103000
18.0053 101970
18.0053 103000
18.0135 101970
18.0135 103000
18.0217 101970
18.0217 103000
18.03 101970
18.03 103000
18.0382 101970
18.0382 103000
18.0465 101970
18.0465 103000
18.0547 101970
18.0547 103000
18.0629 101970
18.0629 103000
18.0712 101970
18.0712 103000
18.0794 101970
18.0794 103000
18.0877 101970
18.0877 103000
18.0959 101970
18.0959 103000
18.1041 101970
18.1041 103000
18.1124 101970
18.1124 103000
18.1206 101970
18.1206 103000
18.1289 101970
18.1289 103000
18.1371 101970
18.1371 103000
18.1453 101970
18.1453 103000
18.1536 101970
18.1536 103000
18.1618 101970
18.1618 103000
18.1701 101970
18.1701 103000
18.1783 101970
18.1783 103000
18.1865 101970
18.1865 103000
18.1948 101970
18.1948 103000
18.203 101970
18.203 103000
18.2113 101970
18.2113 103000
18.2195 101970
18.2195 103000
18.2277 101970
18.2277 103000
18.236 101970
18.236 103000
18.2442 101970
18.2442 103000
18.2525 101970
18.2525 103000
18.2607 101970
18.2607 103000
18.2689 101970
18.2689 103000
18.2772 101970
18.2772 103000
18.2854 101970
18.2854 103000
18.2937 101970
18.2937 103000
18.3019 101970
18.3019 103000
18.3101 101970
18.3101 103000
18.3184 101970
18.3184 103000
18.3266 101970
18.3266 103000
18.3349 101970
18.3349 103000
18.3431 101970
18.3431 103000
18.3513 101970
18.3513 103000
18.3596 101970
18.3596 103000
18.3678 101970
18.3678 103000
18.3761 101970
18.3761 103000
18.3843 101970
18.3843 103000
18.3925 101970
18.3925 103000
18.4008 101970
18.4008 103000
18.409 101970
18.409 103000
18.4173 101970
18.4173 103000
18.4255 101970
18.4255 103000
18.4337 101970
18.4337 103000
18.442 101970
18.442 103000
18.4502 101970
18.4502 103000
18.4585 101970
18.4585 103000
18.4667 101970
18.4667 103000
18.4749 101970
18.4749 103000
18.4832 101970
18.4832 103000
18.4914 101970
18.4914 103000
18.4997 101970
18.4997 103000
18.5079 101970
18.5079 103000
18.5161 101970
18.5161 103000
18.5244 101970
18.5244 103000
18.5326 101970
18.5326 103000
18.5409 101970
18.5409 103000
18.5491 101970
18.5491 103000
18.5573 101970
18.5573 103000
18.5656 101970
18.5656 103000
18.5738 101970
18.5738 103000
18.5821 101970
18.5821 103000
18.5903 101970
18.5903 103000
18.5985 101970
18.5985 102056
18.6068 101026
18.6068 102056
18.615 101026
18.615 102056
18.6233 101026
18.6233 102056
18.6315 101026
18.6315 102056
18.6397 101026
18.6397 102056
18.648 101026
18.648 102056
18.6562 101026
18.6562 102056
18.6645 101026
18.6645 102056
18.6727 101026
18.6727 102056
18.6809 101026
18.6809 102056
18.6892 101026
18.6892 102056
18.6974 101026
18.6974 102056
18.7057 101026
18.7057 102056
18.7139 101026
18.7139 102056
18.7221 101026
18.7221 102056
18.7304 101026
18.7304 102056
18.7386 101026
18.7386 102056
18.7469 101026
18.7469 102056
18.7551 101026
18.7551 102056
18.7633 101026
18.7633 102056
18.7716 101026
18.7716 102056
18.7798 101026
18.7798 102056
18.7881 101026
18.7881 102056
18.7963 101026
18.7963 102056
18.8045 101026
18.8045 102056
18.8128 101026
18.8128 102056
18.821 101026
18.821 102056
18.8293 101026
18.8293 102056
18.8375 101026
18.8375 102056
18.8457 101026
18.8457 102056
18.854 101026
18.854 102056
18.8622 101026
18.8622 102056
18.8705 101026
18.8705 102056
18.8787 101026
18.8787 102056
18.8869 101026
18.8869 102056
18.8952 101026
18.8952 102056
18.9034 101026
18.9034 102056
18.9117 101026
18.9117 102056
18.9199 101026
18.9199 102056
18.9281 101026
18.9281 102056
18.9364 101026
18.9364 102056
18.9446 101026
18.9446 102056
18.9529 101026
18.9529 102056
18.9611 101026
18.9611 102056
18.9693 101026
18.9693 102056
18.9776 101026
18.9776 102056
18.9858 101026
18.9858 102056
18.9941 101026
18.9941 102056
19.0023 101026
19.0023 102056
19.0105 101026
19.0105 102056
19.0188 101026
19.0188 102056
19.027 101026
19.027 102056
19.0353 101026
19.0353 102056
19.0435 101026
19.0435 102056
19.0517 101026
19.0517 102056
19.06 101026
19.06 102056
19.0682 101026
19.0682 102056
19.0765 101026
19.0765 102056
19.0847 101026
19.0847 102056
19.0929 101026
19.0929 102056
19.1012 101026
19.1012 102056
19.1094 101026
19.1094 102056
19.1177 101026
19.1177 102056
19.1259 101026
19.1259 102056
19.1341 101026
19.1341 102056
19.1424 101026
19.1424 102056
19.1506 101026
19.1506 102056
19.1589 101026
19.1589 102056
19.1671 101026
19.1671 102056
19.1753 101026
19.1753 102056
19.1836 101026
19.1836 102056
19.1918 101026
19.1918 102056
19.2001 101026
19.2001 102056
19.2083 101026
19.2083 102056
19.2165 101026
19.2165 102056
19.2248 101026
19.2248 102056
19.233 101026
19.233 102056
19.2413 101026
19.2413 102056
19.2495 101026
19.2495 102056
19.2577 101026
19.2577 102056
19.266 101026
19.266 102056
19.2742 101026
19.2742 102056
19.2825 101026
19.2825 102056
19.2907 101026
19.2907 102056
19.2989 101026
19.2989 102056
19.3072 101026
19.3072 102056
19.3154 101026
19.3154 102056
19.3237 101026
19.3237 102056
19.3319 101026
19.3319 102056
19.3401 101026
19.3401 102056
19.3484 101026
19.3484 102056
19.3566 101026
19.3566 102056
19.3649 101026
19.3649 102056
19.3731 101026
19.3731 102056
19.3813 101026
19.3813 102056
19.3896 101026
19.3896 102056
19.3978 101026
19.3978 102056
19.4061 101026
19.4061 102056
19.4143 101026
19.4143 102056
19.4225 101970
19.4225 103000
19.4232 101970
19.4232 103000
19.4315 101970
19.4315 103000
19.4397 101970
19.4397 103000
19.4479 101970
19.4479 103000
19.4562 101970
19.4562 103000
19.4644 101970
19.4644 103000
19.4727 101970
19.4727 103000
19.4809 101970
19.4809 103000
19.4891 101970
19.4891 103000
19.4974 101970
19.4974 103000
19.5056 101970
19.5056 103000
19.5139 101970
19.5139 103000
19.5221 101970
19.5221 103000
19.5303 101970
19.5303 103000
19.5386 101970
19.5386 103000
19.5468 101970
19.5468 103000
19.5551 101970
19.5551 103000
19.5633 101970
19.5633 103000
19.5715 101970
19.5715 103000
19.5798 101970
19.5798 103000
19.588 101970
19.588 103000
19.5963 101970
19.5963 103000
19.6045 101970
19.6045 103000
19.6127 101970
19.6127 103000
19.621 101970
19.621 103000
19.6292 101970
19.6292 103000
19.6375 101970
19.6375 103000
19.6457 101970
19.6457 103000
19.6539 101970
19.6539 103000
19.6622 101970
19.6622 103000
19.6704 101970
19.6704 103000
19.6787 101970
19.6787 103000
19.6869 101970
19.6869 103000
19.6951 101970
19.6951 103000
19.7034 101970
19.7034 103000
19.7116 101970
19.7116 103000
19.7199 101970
19.7199 103000
19.7281 101970
19.7281 103000
19.7363 101970
19.7363 103000
19.7446 101970
19.7446 103000
19.7528 101970
19.7528 103000
19.7611 101970
19.7611 103000
19.7693 101970
19.7693 103000
19.7775 101970
19.7775 103000
19.7858 101970
19.7858 103000
19.794 101970
19.794 103000
19.8023 101970
19.8023 103000
19.8105 101970
19.8105 103000
19.8187 101970
19.8187 103000
19.827 101970
19.827 103000
19.8352 101970
19.8352 103000
19.8435 101970
19.8435 103000
19.8517 101970
19.8517 103000
19.8599 101970
19.8599 103000
19.8682 101970
19.8682 103000
19.8764 101970
19.8764 103000
19.8847 101970
19.8847 103000
19.8929 101970
19.8929 103000
19.9011 101970
19.9011 103000
19.9094 101970
19.9094 103000
19.9176 101970
19.9176 103000
19.9259 101970
19.9259 103000
19.9341 101970
19.9341 103000
19.9423 101970
19.9423 103000
19.9506 101970
19.9506 103000
19.9588 101970
19.9588 103000
19.9671 101970
19.9671 103000
19.9753 101970
19.9753 103000
19.9835 101970
19.9835 103000
19.9918 101970
19.9918 103000
