0.0011376 86
0.0011376 0
1.00114 86
1.00114 0
2.00114 86
2.00114 0
3.00114 86
3.00114 0
4.00114 86
4.00114 0
5.00114 86
5.00114 0
5.00665 1030
5.00665 0
5.01065 1030
5.01465 2060
5.01489 1030
5.01865 2060
5.02265 3090
5.02313 2060
5.02665 3090
5.03065 4120
5.03137 3090
5.03465 4120
5.03865 5150
5.03961 4120
5.04265 5150
5.04665 6180
5.04785 5150
5.05065 6180
5.05465 7210
5.05609 6180
5.05865 7210
5.06265 8240
5.06433 7210
5.06665 8240
5.07065 9270
5.07257 8240
5.07465 9270
5.07865 10300
5.08081 9270
5.08265 10300
5.08665 11330
5.08905 10300
5.09065 11330
5.09465 12360
5.09729 11330
5.09865 12360
5.10265 13390
5.10553 12360
5.10665 13390
5.11065 14420
5.11377 13390
5.11465 14420
5.11865 15450
5.12201 14420
5.12265 15450
5.12665 16480
5.13025 15450
5.13065 16480
5.13465 17510
5.13849 16480
5.13865 17510
5.14265 18540
5.14665 19570
5.14673 18540
5.15065 19570
5.15465 20600
5.15497 19570
5.15865 20600
5.16265 21630
5.16321 20600
5.16665 21630
5.17065 22660
5.17145 21630
5.17465 22660
5.17865 23690
5.17969 22660
5.18265 23690
5.18665 24720
5.18793 23690
5.19065 24720
5.19465 25750
5.19617 24720
5.19865 25750
5.20265 26780
5.20441 25750
5.20665 26780
5.21065 27810
5.21265 26780
5.21465 27810
5.21865 28840
5.22089 27810
5.22265 28840
5.22665 29870
5.22913 28840
5.23065 29870
5.23465 30900
5.23737 29870
5.23865 30900
5.24265 31930
5.24561 30900
5.24665 31930
5.25065 32960
5.25385 31930
5.25465 32960
5.25865 33990
5.26209 32960
5.26265 33990
5.26665 35020
5.27033 33990
5.27065 35020
5.27465 36050
5.27857 35020
5.27865 36050
5.28265 37080
5.28665 38110
5.28681 37080
5.29065 38110
5.29465 39140
5.29505 38110
5.29865 39140
5.30265 40170
5.30329 39140
5.30665 40170
5.31065 41200
5.31153 40170
5.31465 41200
5.31865 42230
5.31977 41200
5.32265 42230
5.32665 43260
5.32801 42230
5.33065 43260
5.33465 44290
5.33625 43260
5.33865 44290
5.34265 45320
5.34449 44290
5.34665 45320
5.35065 46350
5.35273 45320
5.35465 46350
5.35865 47380
5.36097 46350
5.36265 47380
5.36665 48410
5.36921 47380
5.37065 48410
5.37465 49440
5.37745 48410
5.37865 49440
5.38265 50470
5.38569 49440
5.38665 50470
5.39065 51500
5.39393 50470
5.39465 51500
5.39865 52530
5.40217 51500
5.40265 52530
5.40665 53560
5.41041 52530
5.41065 53560
5.41465 54590
5.41865 53560
5.41865 54590
5.42265 55620
5.42665 56650
5.42689 55620
5.43065 56650
5.43465 57680
5.43513 56650
5.43865 57680
5.44265 58710
5.44337 57680
5.44665 58710
5.45065 59740
5.45161 58710
5.45465 59740
5.45865 60770
5.45985 59740
5.46265 60770
5.46665 61800
5.46809 60770
5.47065 61800
5.47465 62830
5.47633 61800
5.47865 62830
5.48265 63860
5.48457 62830
5.48665 63860
5.49065 64890
5.49281 63860
5.49465 64890
5.49865 65920
5.50105 64890
5.50265 65920
5.50665 66950
5.50929 65920
5.51065 66950
5.51465 67980
5.51753 66950
5.51865 67980
5.52265 69010
5.52577 67980
5.52665 69010
5.53065 70040
5.53401 69010
5.53465 70040
5.53865 71070
5.54225 70040
5.54265 71070
5.54665 72100
5.55049 71070
5.55065 72100
5.55465 73130
5.55865 74160
5.55873 73130
5.56265 74160
5.56665 75190
5.56697 74160
5.57065 75190
5.57465 76220
5.57521 75190
5.57865 76220
5.58265 77250
5.58345 76220
5.58665 77250
5.59065 78280
5.59169 77250
5.59465 78280
5.59865 79310
5.59993 78280
5.60265 79310
5.60665 80340
5.60817 79310
5.61065 80340
5.61465 81370
5.61641 80340
5.61865 81370
5.62265 82400
5.62465 81370
5.62665 82400
5.63065 83430
5.63289 82400
5.63465 83430
5.63865 84460
5.64113 83430
5.64265 84460
5.64665 85490
5.64937 84460
5.65065 85490
5.65465 86520
5.65761 85490
5.65865 86520
5.66265 87550
5.66585 86520
5.66665 87550
5.67065 88580
5.67409 87550
5.67465 88580
5.67865 89610
5.68233 88580
5.68265 89610
5.68665 90640
5.69057 89610
5.69065 90640
5.69465 91670
5.69865 92700
5.69881 91670
5.70265 92700
5.70665 93730
5.70705 92700
5.71065 93730
5.71465 94760
5.71529 93730
5.71865 94760
5.72265 95790
5.72353 94760
5.72665 95790
5.73065 96820
5.73177 95790
5.73465 96820
5.73865 97850
5.74001 96820
5.74265 97850
5.74665 98880
5.74825 97850
5.75065 98880
5.75465 99910
5.75649 98880
5.75865 99910
5.76265 100940
5.76473 99910
5.76665 100940
5.77065 101970
5.77297 100940
5.77465 101970
5.77865 103000
5.78121 101970
5.78265 103000
5.78945 101970
5.78945 103000
5.79769 101970
5.79769 103000
5.80593 101970
5.80593 103000
5.81417 101970
5.81417 103000
5.82241 101970
5.82241 103000
5.83065 101970
5.83065 103000
5.83889 101970
5.83889 103000
5.84713 101970
5.84713 103000
5.85537 101970
5.85537 103000
5.86361 101970
5.86361 103000
5.87185 101970
5.87185 103000
5.88009 101970
5.88009 103000
5.88833 101970
5.88833 103000
5.89657 101970
5.89657 103000
5.90481 101970
5.90481 103000
5.91305 101970
5.91305 103000
5.92129 101970
5.92129 103000
5.92953 101970
5.92953 103000
5.93777 101970
5.93777 103000
5.94601 101970
5.94601 103000
5.95425 101970
5.95425 103000
5.96249 101970
5.96249 103000
5.97073 101970
5.97073 103000
5.97897 101970
5.97897 103000
5.98721 101970
5.98721 103000
5.99545 101970
5.99545 103000
6.00369 101970
6.00369 103000
6.01193 101970
6.01193 103000
6.02017 101970
6.02017 103000
6.02841 101970
6.02841 103000
6.03665 101970
6.03665 103000
6.04489 101970
6.04489 103000
6.05313 101970
6.05313 103000
6.06137 101970
6.06137 103000
6.06961 101970
6.06961 103000
6.07785 101970
6.07785 103000
6.08609 101970
6.08609 103000
6.09433 101970
6.09433 103000
6.10257 101970
6.10257 103000
6.11081 101970
6.11081 103000
6.11905 101970
6.11905 103000
6.12729 101970
6.12729 103000
6.13553 101970
6.13553 103000
6.14377 101970
6.14377 103000
6.15201 101970
6.15201 103000
6.16025 101970
6.16025 103000
6.16849 101970
6.16849 103000
6.17673 101970
6.17673 103000
6.18497 101970
6.18497 103000
6.19321 101970
6.19321 103000
6.20145 101970
6.20145 103000
6.20969 101970
6.20969 103000
6.21793 101970
6.21793 103000
6.22617 101970
6.22617 103000
6.23441 101970
6.23441 103000
6.24265 101970
6.24265 103000
6.25089 101970
6.25089 103000
6.25913 101970
6.25913 103000
6.26737 101970
6.26737 103000
6.27561 101970
6.27561 103000
6.28385 101970
6.28385 103000
6.29209 101970
6.29209 103000
6.30033 101970
6.30033 103000
6.30857 101970
6.30857 103000
6.31681 101970
6.31681 103000
6.32505 101970
6.32505 103000
6.33329 101970
6.33329 103000
6.34153 101970
6.34153 103000
6.34977 101970
6.34977 103000
6.35801 101970
6.35801 103000
6.36625 101970
6.36625 103000
6.37449 101970
6.37449 103000
6.38273 101970
6.38273 103000
6.39097 101970
6.39097 103000
6.39921 101970
6.39921 103000
6.40745 101970
6.40745 103000
6.41569 101970
6.41569 103000
6.42393 101970
6.42393 103000
6.43217 101970
6.43217 103000
6.44041 101970
6.44041 103000
6.44865 101970
6.44865 103000
6.45689 101970
6.45689 103000
6.46513 101970
6.46513 103000
6.47337 101970
6.47337 103000
6.48161 101970
6.48161 103000
6.48985 101970
6.48985 103000
6.49809 101970
6.49809 103000
6.50633 101970
6.50633 103000
6.51457 101970
6.51457 103000
6.52281 101970
6.52281 103000
6.53105 101970
6.53105 103000
6.53929 101970
6.53929 103000
6.54753 101970
6.54753 103000
6.55577 101970
6.55577 103000
6.56401 101970
6.56401 103000
6.57225 101970
6.57225 103000
6.58049 101970
6.58049 103000
6.58873 101970
6.58873 103000
6.59697 101970
6.59697 103000
6.60521 101970
6.60521 103000
6.61345 101970
6.61345 103000
6.62169 101970
6.62169 103000
6.62993 101970
6.62993 103000
6.63817 101970
6.63817 103000
6.64641 101970
6.64641 103000
6.65465 101970
6.65465 103000
6.66289 101970
6.66289 103000
6.67113 101970
6.67113 103000
6.67937 101970
6.67937 103000
6.68761 101970
6.68761 103000
6.69585 101970
6.69585 103000
6.70409 101970
6.70409 103000
6.71233 101970
6.71233 103000
6.72057 101970
6.72057 103000
6.72881 101970
6.72881 103000
6.73705 101970
6.73705 103000
6.74529 101970
6.74529 103000
6.75353 101970
6.75353 103000
6.76177 101970
6.76177 103000
6.77001 101970
6.77001 103000
6.77825 101970
6.77825 103000
6.78649 101970
6.78649 103000
6.79473 101970
6.79473 103000
6.80297 101970
6.80297 103000
6.81121 101970
6.81121 103000
6.81945 101970
6.81945 103000
6.82769 101970
6.82769 103000
6.83593 101970
6.83593 103000
6.84417 101970
6.84417 103000
6.85241 101970
6.85241 103000
6.86065 101970
6.86065 103000
6.86889 101970
6.86889 103000
6.87713 101970
6.87713 103000
6.88537 101970
6.88537 103000
6.89361 101970
6.89361 103000
6.90185 101970
6.90185 103000
6.91009 101970
6.91009 103000
6.91833 101970
6.91833 103000
6.92657 101970
6.92657 103000
6.93481 101970
6.93481 103000
6.94305 101970
6.94305 103000
6.95129 101970
6.95129 103000
6.95953 101970
6.95953 103000
6.96777 101970
6.96777 103000
6.97601 101970
6.97601 103000
6.98425 101970
6.98425 103000
6.99249 101970
6.99249 103000
7.00073 101970
7.00073 103000
7.00897 101970
7.00897 103000
7.01721 101970
7.01721 103000
7.02545 101970
7.02545 103000
7.03369 101970
7.03369 103000
7.04193 101970
7.04193 103000
7.05017 101970
7.05017 103000
7.05841 101970
7.05841 103000
7.06665 101970
7.06665 103000
7.07489 101970
7.07489 103000
7.08313 101970
7.08313 103000
7.09137 101970
7.09137 103000
7.09961 101970
7.09961 103000
7.10785 101970
7.10785 103000
7.11609 101970
7.11609 103000
7.12433 101970
7.12433 103000
7.13257 101970
7.13257 103000
7.14081 101970
7.14081 103000
7.14905 101970
7.14905 103000
7.15729 101970
7.15729 103000
7.16553 101970
7.16553 103000
7.17377 101970
7.17377 103000
7.18201 101970
7.18201 103000
7.19025 101970
7.19025 103000
7.19849 101970
7.19849 103000
7.20673 101970
7.20673 102056
7.21497 101026
7.21497 102056
7.22321 101026
7.22321 102056
7.23145 101026
7.23145 102056
7.23969 101026
7.23969 102056
7.24793 101026
7.24793 102056
7.25617 101026
7.25617 102056
7.26441 101026
7.26441 102056
7.27265 101026
7.27265 102056
7.28089 101026
7.28089 102056
7.28913 101026
7.28913 102056
7.29737 101026
7.29737 102056
7.30561 101026
7.30561 102056
7.31385 101026
7.31385 102056
7.32209 101026
7.32209 102056
7.33033 101026
7.33033 102056
7.33857 101026
7.33857 102056
7.34681 101026
7.34681 102056
7.35505 101026
7.35505 102056
7.36329 101026
7.36329 102056
7.37153 101026
7.37153 102056
7.37977 101026
7.37977 102056
7.38801 101026
7.38801 102056
7.39625 101026
7.39625 102056
7.40449 101026
7.40449 102056
7.41273 101026
7.41273 102056
7.42097 101026
7.42097 102056
7.42921 101026
7.42921 102056
7.43745 101026
7.43745 102056
7.44569 101026
7.44569 102056
7.45393 101026
7.45393 102056
7.46217 101026
7.46217 102056
7.47041 101026
7.47041 102056
7.47865 101026
7.47865 102056
7.48689 101026
7.48689 102056
7.49513 101026
7.49513 102056
7.50337 101026
7.50337 102056
7.51161 101026
7.51161 102056
7.51985 101026
7.51985 102056
7.52809 101026
7.52809 102056
7.53633 101026
7.53633 102056
7.54457 101026
7.54457 102056
7.55281 101026
7.55281 102056
7.56105 101026
7.56105 102056
7.56929 101026
7.56929 102056
7.57753 101026
7.57753 102056
7.58577 101026
7.58577 102056
7.59401 101026
7.59401 102056
7.60225 101026
7.60225 102056
7.61049 101026
7.61049 102056
7.61873 101026
7.61873 102056
7.62697 101026
7.62697 102056
7.63521 101026
7.63521 102056
7.64345 101026
7.64345 102056
7.65169 101026
7.65169 102056
7.65993 101026
7.65993 102056
7.66817 101026
7.66817 102056
7.67641 101026
7.67641 102056
7.68465 101026
7.68465 102056
7.69289 101026
7.69289 102056
7.70113 101026
7.70113 102056
7.70937 101026
7.70937 102056
7.71761 101026
7.71761 102056
7.72585 101026
7.72585 102056
7.73409 101026
7.73409 102056
7.74233 101026
7.74233 102056
7.75057 101026
7.75057 102056
7.75881 101026
7.75881 102056
7.76705 101026
7.76705 102056
7.77529 101026
7.77529 102056
7.78353 101026
7.78353 102056
7.79177 101026
7.79177 102056
7.80001 101026
7.80001 102056
7.80825 101026
7.80825 102056
7.81649 101026
7.81649 102056
7.82473 101026
7.82473 102056
7.83297 101026
7.83297 102056
7.84121 101026
7.84121 102056
7.84945 101026
7.84945 102056
7.85769 101026
7.85769 102056
7.86593 101026
7.86593 102056
7.87417 101026
7.87417 102056
7.88241 101026
7.88241 102056
7.89065 101026
7.89065 102056
7.89889 101026
7.89889 102056
7.90713 101026
7.90713 102056
7.91537 101026
7.91537 102056
7.92361 101026
7.92361 102056
7.93185 101026
7.93185 102056
7.94009 101026
7.94009 102056
7.94833 101026
7.94833 102056
7.95657 101026
7.95657 102056
7.96481 101026
7.96481 102056
7.97305 101026
7.97305 102056
7.98129 101026
7.98129 102056
7.98953 101026
7.98953 102056
7.99777 101026
7.99777 102056
8.00601 101026
8.00601 102056
8.01425 101026
8.01425 102056
8.02249 101026
8.02249 102056
8.03073 101970
8.03073 103000
8.03142 101970
8.03142 103000
8.03966 101970
8.03966 103000
8.0479 101970
8.0479 103000
8.05614 101970
8.05614 103000
8.06438 101970
8.06438 103000
8.07262 101970
8.07262 103000
8.08086 101970
8.08086 103000
8.0891 101970
8.0891 103000
8.09734 101970
8.09734 103000
8.10558 101970
8.10558 103000
8.11382 101970
8.11382 103000
8.12206 101970
8.12206 103000
8.1303 101970
8.1303 103000
8.13854 101970
8.13854 103000
8.14678 101970
8.14678 103000
8.15502 101970
8.15502 103000
8.16326 101970
8.16326 103000
8.1715 101970
8.1715 103000
8.17974 101970
8.17974 103000
8.18798 101970
8.18798 103000
8.19622 101970
8.19622 103000
8.20446 101970
8.20446 103000
8.2127 101970
8.2127 103000
8.22094 101970
8.22094 103000
8.22918 101970
8.22918 103000
8.23742 101970
8.23742 103000
8.24566 101970
8.24566 103000
8.2539 101970
8.2539 103000
8.26214 101970
8.26214 103000
8.27038 101970
8.27038 103000
8.27862 101970
8.27862 103000
8.28686 101970
8.28686 103000
8.2951 101970
8.2951 103000
8.30334 101970
8.30334 103000
8.31158 101970
8.31158 103000
8.31982 101970
8.31982 103000
8.32806 101970
8.32806 103000
8.3363 101970
8.3363 103000
8.34454 101970
8.34454 103000
8.35278 101970
8.35278 103000
8.36102 101970
8.36102 103000
8.36926 101970
8.36926 103000
8.3775 101970
8.3775 103000
8.38574 101970
8.38574 103000
8.39398 101970
8.39398 103000
8.40222 101970
8.40222 103000
8.41046 101970
8.41046 103000
8.4187 101970
8.4187 103000
8.42694 101970
8.42694 103000
8.43518 101970
8.43518 103000
8.44342 101970
8.44342 103000
8.45166 101970
8.45166 103000
8.4599 101970
8.4599 103000
8.46814 101970
8.46814 103000
8.47638 101970
8.47638 103000
8.48462 101970
8.48462 103000
8.49286 101970
8.49286 103000
8.5011 101970
8.5011 103000
8.50934 101970
8.50934 103000
8.51758 101970
8.51758 103000
8.52582 101970
8.52582 103000
8.53406 101970
8.53406 103000
8.5423 101970
8.5423 103000
8.55054 101970
8.55054 103000
8.55878 101970
8.55878 103000
8.56702 101970
8.56702 103000
8.57526 101970
8.57526 103000
8.5835 101970
8.5835 103000
8.59174 101970
8.59174 103000
8.59998 101970
8.59998 103000
8.60822 101970
8.60822 103000
8.61646 101970
8.61646 103000
8.6247 101970
8.6247 103000
8.63294 101970
8.63294 103000
8.64118 101970
8.64118 103000
8.64942 101970
8.64942 103000
8.65766 101970
8.65766 103000
8.6659 101970
8.6659 103000
8.67414 101970
8.67414 103000
8.68238 101970
8.68238 103000
8.69062 101970
8.69062 103000
8.69886 101970
8.69886 103000
8.7071 101970
8.7071 103000
8.71534 101970
8.71534 103000
8.72358 101970
8.72358 103000
8.73182 101970
8.73182 103000
8.74006 101970
8.74006 103000
8.7483 101970
8.7483 103000
8.75654 101970
8.75654 103000
8.76478 101970
8.76478 103000
8.77302 101970
8.77302 103000
8.78126 101970
8.78126 103000
8.7895 101970
8.7895 103000
8.79774 101970
8.79774 103000
8.80598 101970
8.80598 103000
8.81422 101970
8.81422 103000
8.82246 101970
8.82246 103000
8.8307 101970
8.8307 103000
8.83894 101970
8.83894 103000
8.84718 101970
8.84718 103000
8.85542 101970
8.85542 103000
8.86366 101970
8.86366 103000
8.8719 101970
8.8719 103000
8.88014 101970
8.88014 103000
8.88838 101970
8.88838 103000
8.89662 101970
8.89662 103000
8.90486 101970
8.90486 103000
8.9131 101970
8.9131 103000
8.92134 101970
8.92134 103000
8.92958 101970
8.92958 103000
8.93782 101970
8.93782 103000
8.94606 101970
8.94606 103000
8.9543 101970
8.9543 103000
8.96254 101970
8.96254 103000
8.97078 101970
8.97078 103000
8.97902 101970
8.97902 103000
8.98726 101970
8.98726 103000
8.9955 101970
8.9955 103000
9.00374 101970
9.00374 103000
9.01198 101970
9.01198 103000
9.02022 101970
9.02022 103000
9.02846 101970
9.02846 103000
9.0367 101970
9.0367 103000
9.04494 101970
9.04494 103000
9.05318 101970
9.05318 103000
9.06142 101970
9.06142 103000
9.06966 101970
9.06966 103000
9.0779 101970
9.0779 103000
9.08614 101970
9.08614 103000
9.09438 101970
9.09438 103000
9.10262 101970
9.10262 103000
9.11086 101970
9.11086 103000
9.1191 101970
9.1191 103000
9.12734 101970
9.12734 103000
9.13558 101970
9.13558 103000
9.14382 101970
9.14382 103000
9.15206 101970
9.15206 103000
9.1603 101970
9.1603 103000
9.16854 101970
9.16854 103000
9.17678 101970
9.17678 103000
9.18502 101970
9.18502 103000
9.19326 101970
9.19326 103000
9.2015 101970
9.2015 102056
9.20974 101026
9.20974 102056
9.21798 101026
9.21798 102056
9.22622 101026
9.22622 102056
9.23446 101026
9.23446 102056
9.2427 101026
9.2427 102056
9.25094 101026
9.25094 102056
9.25918 101026
9.25918 102056
9.26742 101026
9.26742 102056
9.27566 101026
9.27566 102056
9.2839 101026
9.2839 102056
9.29214 101026
9.29214 102056
9.30038 101026
9.30038 102056
9.30862 101026
9.30862 102056
9.31686 101026
9.31686 102056
9.3251 101026
9.3251 102056
9.33334 101026
9.33334 102056
9.34158 101026
9.34158 102056
9.34982 101026
9.34982 102056
9.35806 101026
9.35806 102056
9.3663 101026
9.3663 102056
9.37454 101026
9.37454 102056
9.38278 101026
9.38278 102056
9.39102 101026
9.39102 102056
9.39926 101026
9.39926 102056
9.4075 101026
9.4075 102056
9.41574 101026
9.41574 102056
9.42398 101026
9.42398 102056
9.43222 101026
9.43222 102056
9.44046 101026
9.44046 102056
9.4487 101026
9.4487 102056
9.45694 101026
9.45694 102056
9.46518 101026
9.46518 102056
9.47342 101026
9.47342 102056
9.48166 101026
9.48166 102056
9.4899 101026
9.4899 102056
9.49814 101026
9.49814 102056
9.50638 101026
9.50638 102056
9.51462 101026
9.51462 102056
9.52286 101026
9.52286 102056
9.5311 101026
9.5311 102056
9.53934 101026
9.53934 102056
9.54758 101026
9.54758 102056
9.55582 101026
9.55582 102056
9.56406 101026
9.56406 102056
9.5723 101026
9.5723 102056
9.58054 101026
9.58054 102056
9.58878 101026
9.58878 102056
9.59702 101026
9.59702 102056
9.60526 101026
9.60526 102056
9.6135 101026
9.6135 102056
9.62174 101026
9.62174 102056
9.62998 101026
9.62998 102056
9.63822 101026
9.63822 102056
9.64646 101026
9.64646 102056
9.6547 101026
9.6547 102056
9.66294 101026
9.66294 102056
9.67118 101026
9.67118 102056
9.67942 101026
9.67942 102056
9.68766 101026
9.68766 102056
9.6959 101026
9.6959 102056
9.70414 101026
9.70414 102056
9.71238 101026
9.71238 102056
9.72062 101026
9.72062 102056
9.72886 101026
9.72886 102056
9.7371 101026
9.7371 102056
9.74534 101026
9.74534 102056
9.75358 101026
9.75358 102056
9.76182 101026
9.76182 102056
9.77006 101026
9.77006 102056
9.7783 101026
9.7783 102056
9.78654 101026
9.78654 102056
9.79478 101026
9.79478 102056
9.80302 101026
9.80302 102056
9.81126 101026
9.81126 102056
9.8195 101026
9.8195 102056
9.82774 101026
9.82774 102056
9.83598 101026
9.83598 102056
9.84422 101026
9.84422 102056
9.85246 101026
9.85246 102056
9.8607 101026
9.8607 102056
9.86894 101026
9.86894 102056
9.87718 101026
9.87718 102056
9.88542 101026
9.88542 102056
9.89366 101026
9.89366 102056
9.9019 101026
9.9019 102056
9.91014 101026
9.91014 102056
9.91838 101026
9.91838 102056
9.92662 101026
9.92662 102056
9.93486 101026
9.93486 102056
9.9431 101026
9.9431 102056
9.95134 101026
9.95134 102056
9.95958 101026
9.95958 102056
9.96782 101026
9.96782 102056
9.97606 101026
9.97606 102056
9.9843 101026
9.9843 102056
9.99254 101026
9.99254 102056
10.0008 101026
10.0008 102056
10.009 101026
10.009 102056
10.0173 101026
10.0173 102056
10.0255 101970
10.0255 103000
10.0262 101970
10.0262 103000
10.0344 101970
10.0344 103000
10.0427 101970
10.0427 103000
10.0509 101970
10.0509 103000
10.0591 101970
10.0591 103000
10.0674 101970
10.0674 103000
10.0756 101970
10.0756 103000
10.0839 101970
10.0839 103000
10.0921 101970
10.0921 103000
10.1003 101970
10.1003 103000
10.1086 101970
10.1086 103000
10.1168 101970
10.1168 103000
10.1251 101970
10.1251 103000
10.1333 101970
10.1333 103000
10.1415 101970
10.1415 103000
10.1498 101970
10.1498 103000
10.158 101970
10.158 103000
10.1663 101970
10.1663 103000
10.1745 101970
10.1745 103000
10.1827 101970
10.1827 103000
10.191 101970
10.191 103000
10.1992 101970
10.1992 102056
10.2075 101026
10.2075 102056
10.2157 101026
10.2157 102056
10.2239 101026
10.2239 102056
10.2322 101026
10.2322 102056
10.2404 101026
10.2404 102056
10.2487 101026
10.2487 102056
10.2569 101026
10.2569 102056
10.2651 101026
10.2651 102056
10.2734 101026
10.2734 102056
10.2816 101026
10.2816 102056
10.2899 101026
10.2899 102056
10.2981 101026
10.2981 102056
10.3063 101026
10.3063 102056
10.3146 101026
10.3146 102056
10.3228 101026
10.3228 102056
10.3311 101026
10.3311 102056
10.3393 101026
10.3393 102056
10.3475 101026
10.3475 102056
10.3558 101026
10.3558 102056
10.364 101026
10.364 102056
10.3723 101026
10.3723 102056
10.3805 101026
10.3805 102056
10.3887 101026
10.3887 102056
10.397 101026
10.397 102056
10.4052 101026
10.4052 102056
10.4135 101026
10.4135 102056
10.4217 101026
10.4217 102056
10.4299 101026
10.4299 102056
10.4382 101026
10.4382 102056
10.4464 101026
10.4464 102056
10.4547 101026
10.4547 102056
10.4629 101026
10.4629 102056
10.4711 101026
10.4711 102056
10.4794 101026
10.4794 102056
10.4876 101026
10.4876 102056
10.4959 101026
10.4959 102056
10.5041 101026
10.5041 102056
10.5123 101026
10.5123 102056
10.5206 101026
10.5206 102056
10.5288 101026
10.5288 102056
10.5371 101026
10.5371 102056
10.5453 101026
10.5453 102056
10.5535 101026
10.5535 102056
10.5618 101026
10.5618 102056
10.57 101026
10.57 102056
10.5783 101026
10.5783 102056
10.5865 101026
10.5865 102056
10.5947 101026
10.5947 102056
10.603 101026
10.603 102056
10.6112 101026
10.6112 102056
10.6195 101026
10.6195 102056
10.6277 101026
10.6277 102056
10.6359 101026
10.6359 102056
10.6442 101026
10.6442 102056
10.6524 101026
10.6524 102056
10.6607 101026
10.6607 102056
10.6689 101026
10.6689 102056
10.6771 101026
10.6771 102056
10.6854 101026
10.6854 102056
10.6936 101026
10.6936 102056
10.7019 101026
10.7019 102056
10.7101 101026
10.7101 102056
10.7183 101026
10.7183 102056
10.7266 101026
10.7266 102056
10.7348 101026
10.7348 102056
10.7431 101026
10.7431 102056
10.7513 101026
10.7513 102056
10.7595 101026
10.7595 102056
10.7678 101026
10.7678 102056
10.776 101026
10.776 102056
10.7843 101026
10.7843 102056
10.7925 101026
10.7925 102056
10.8007 101026
10.8007 102056
10.809 101026
10.809 102056
10.8172 101026
10.8172 102056
10.8255 101026
10.8255 102056
10.8337 101026
10.8337 102056
10.8419 101026
10.8419 102056
10.8502 101026
10.8502 102056
10.8584 101026
10.8584 102056
10.8667 101026
10.8667 102056
10.8749 101026
10.8749 102056
10.8831 101026
10.8831 102056
10.8914 101026
10.8914 102056
10.8996 101026
10.8996 102056
10.9079 101026
10.9079 102056
10.9161 101026
10.9161 102056
10.9243 101026
10.9243 102056
10.9326 101026
10.9326 102056
10.9408 101026
10.9408 102056
10.9491 101026
10.9491 102056
10.9573 101026
10.9573 102056
10.9655 101026
10.9655 102056
10.9738 101026
10.9738 102056
10.982 101026
10.982 102056
10.9903 101026
10.9903 102056
10.9985 101026
10.9985 102056
11.0067 101026
11.0067 102056
11.015 101026
11.015 102056
11.0232 101970
11.0232 103000
11.0239 101970
11.0239 103000
11.0322 101970
11.0322 103000
11.0404 101970
11.0404 103000
11.0486 101970
11.0486 103000
11.0569 101970
11.0569 103000
11.0651 101970
11.0651 103000
11.0734 101970
11.0734 103000
11.0816 101970
11.0816 103000
11.0898 101970
11.0898 103000
11.0981 101970
11.0981 103000
11.1063 101970
11.1063 103000
11.1146 101970
11.1146 103000
11.1228 101970
11.1228 103000
11.131 101970
11.131 103000
11.1393 101970
11.1393 103000
11.1475 101970
11.1475 103000
11.1558 101970
11.1558 103000
11.164 101970
11.164 103000
11.1722 101970
11.1722 103000
11.1805 101970
11.1805 103000
11.1887 101970
11.1887 103000
11.197 101970
11.197 103000
11.2052 101970
11.2052 103000
11.2134 101970
11.2134 103000
11.2217 101970
11.2217 103000
11.2299 101970
11.2299 103000
11.2382 101970
11.2382 103000
11.2464 101970
11.2464 103000
11.2546 101970
11.2546 103000
11.2629 101970
11.2629 103000
11.2711 101970
11.2711 103000
11.2794 101970
11.2794 103000
11.2876 101970
11.2876 103000
11.2958 101970
11.2958 103000
11.3041 101970
11.3041 103000
11.3123 101970
11.3123 103000
11.3206 101970
11.3206 103000
11.3288 101970
11.3288 103000
11.337 101970
11.337 103000
11.3453 101970
11.3453 103000
11.3535 101970
11.3535 103000
11.3618 101970
11.3618 103000
11.37 101970
11.37 103000
11.3782 101970
11.3782 103000
11.3865 101970
11.3865 103000
11.3947 101970
11.3947 103000
11.403 101970
11.403 103000
11.4112 101970
11.4112 103000
11.4194 101970
11.4194 103000
11.4277 101970
11.4277 103000
11.4359 101970
11.4359 103000
11.4442 101970
11.4442 103000
11.4524 101970
11.4524 103000
11.4606 101970
11.4606 103000
11.4689 101970
11.4689 103000
11.4771 101970
11.4771 103000
11.4854 101970
11.4854 103000
11.4936 101970
11.4936 103000
11.5018 101970
11.5018 103000
11.5101 101970
11.5101 103000
11.5183 101970
11.5183 103000
11.5266 101970
11.5266 103000
11.5348 101970
11.5348 103000
11.543 101970
11.543 103000
11.5513 101970
11.5513 103000
11.5595 101970
11.5595 103000
11.5678 101970
11.5678 103000
11.576 101970
11.576 103000
11.5842 101970
11.5842 103000
11.5925 101970
11.5925 103000
11.6007 101970
11.6007 103000
11.609 101970
11.609 103000
11.6172 101970
11.6172 103000
11.6254 101970
11.6254 103000
11.6337 101970
11.6337 103000
11.6419 101970
11.6419 103000
11.6502 101970
11.6502 103000
11.6584 101970
11.6584 103000
11.6666 101970
11.6666 103000
11.6749 101970
11.6749 103000
11.6831 101970
11.6831 103000
11.6914 101970
11.6914 103000
11.6996 101970
11.6996 103000
11.7078 101970
11.7078 103000
11.7161 101970
11.7161 103000
11.7243 101970
11.7243 103000
11.7326 101970
11.7326 103000
11.7408 101970
11.7408 103000
11.749 101970
11.749 103000
11.7573 101970
11.7573 103000
11.7655 101970
11.7655 103000
11.7738 101970
11.7738 103000
11.782 101970
11.782 103000
11.7902 101970
11.7902 103000
11.7985 101970
11.7985 103000
11.8067 101970
11.8067 103000
11.815 101970
11.815 103000
11.8232 101970
11.8232 103000
11.8314 101970
11.8314 103000
11.8397 101970
11.8397 103000
11.8479 101970
11.8479 103000
11.8562 101970
11.8562 103000
11.8644 101970
11.8644 103000
11.8726 101970
11.8726 103000
11.8809 101970
11.8809 103000
11.8891 101970
11.8891 103000
11.8974 101970
11.8974 103000
11.9056 101970
11.9056 103000
11.9138 101970
11.9138 103000
11.9221 101970
11.9221 103000
11.9303 101970
11.9303 103000
11.9386 101970
11.9386 103000
11.9468 101970
11.9468 103000
11.955 101970
11.955 103000
11.9633 101970
11.9633 103000
11.9715 101970
11.9715 103000
11.9798 101970
11.9798 103000
11.988 101970
11.988 103000
11.9962 101970
11.9962 103000
12.0045 101970
12.0045 103000
12.0127 101970
12.0127 103000
12.021 101970
12.021 103000
12.0292 101970
12.0292 103000
12.0374 101970
12.0374 103000
12.0457 101970
12.0457 103000
12.0539 101970
12.0539 103000
12.0622 101970
12.0622 103000
12.0704 101970
12.0704 103000
12.0786 101970
12.0786 103000
12.0869 101970
12.0869 103000
12.0951 101970
12.0951 103000
12.1034 101970
12.1034 103000
12.1116 101970
12.1116 103000
12.1198 101970
12.1198 103000
12.1281 101970
12.1281 103000
12.1363 101970
12.1363 103000
12.1446 101970
12.1446 103000
12.1528 101970
12.1528 103000
12.161 101970
12.161 103000
12.1693 101970
12.1693 103000
12.1775 101970
12.1775 103000
12.1858 101970
12.1858 103000
12.194 101970
12.194 103000
12.2022 101970
12.2022 102056
12.2105 101026
12.2105 102056
12.2187 101026
12.2187 102056
12.227 101026
12.227 102056
12.2352 101026
12.2352 102056
12.2434 101026
12.2434 102056
12.2517 101026
12.2517 102056
12.2599 101026
12.2599 102056
12.2682 101026
12.2682 102056
12.2764 101026
12.2764 102056
12.2846 101026
12.2846 102056
12.2929 101026
12.2929 102056
12.3011 101026
12.3011 102056
12.3094 101026
12.3094 102056
12.3176 101026
12.3176 102056
12.3258 101026
12.3258 102056
12.3341 101026
12.3341 102056
12.3423 101026
12.3423 102056
12.3506 101026
12.3506 102056
12.3588 101026
12.3588 102056
12.367 101026
12.367 102056
12.3753 101026
12.3753 102056
12.3835 101026
12.3835 102056
12.3918 101026
12.3918 102056
12.4 101026
12.4 102056
12.4082 101026
12.4082 102056
12.4165 101026
12.4165 102056
12.4247 101026
12.4247 102056
12.433 101026
12.433 102056
12.4412 101026
12.4412 102056
12.4494 101026
12.4494 102056
12.4577 101026
12.4577 102056
12.4659 101026
12.4659 102056
12.4742 101026
12.4742 102056
12.4824 101026
12.4824 102056
12.4906 101026
12.4906 102056
12.4989 101026
12.4989 102056
12.5071 101026
12.5071 102056
12.5154 101026
12.5154 102056
12.5236 101026
12.5236 102056
12.5318 101026
12.5318 102056
12.5401 101026
12.5401 102056
12.5483 101026
12.5483 102056
12.5566 101026
12.5566 102056
12.5648 101026
12.5648 102056
12.573 101026
12.573 102056
12.5813 101026
12.5813 102056
12.5895 101026
12.5895 102056
12.5978 101026
12.5978 102056
12.606 101026
12.606 102056
12.6142 101026
12.6142 102056
12.6225 101026
12.6225 102056
12.6307 101026
12.6307 102056
12.639 101026
12.639 102056
12.6472 101026
12.6472 102056
12.6554 101026
12.6554 102056
12.6637 101026
12.6637 102056
12.6719 101026
12.6719 102056
12.6802 101026
12.6802 102056
12.6884 101026
12.6884 102056
12.6966 101026
12.6966 102056
12.7049 101026
12.7049 102056
12.7131 101026
12.7131 102056
12.7214 101026
12.7214 102056
12.7296 101026
12.7296 102056
12.7378 101026
12.7378 102056
12.7461 101026
12.7461 102056
12.7543 101026
12.7543 102056
12.7626 101026
12.7626 102056
12.7708 101026
12.7708 102056
12.779 101026
12.779 102056
12.7873 101026
12.7873 102056
12.7955 101026
12.7955 102056
12.8038 101026
12.8038 102056
12.812 101026
12.812 102056
12.8202 101026
12.8202 102056
12.8285 101026
12.8285 102056
12.8367 101026
12.8367 102056
12.845 101026
12.845 102056
12.8532 101026
12.8532 102056
12.8614 101026
12.8614 102056
12.8697 101026
12.8697 102056
12.8779 101026
12.8779 102056
12.8862 101026
12.8862 102056
12.8944 101026
12.8944 102056
12.9026 101026
12.9026 102056
12.9109 101026
12.9109 102056
12.9191 101026
12.9191 102056
12.9274 101026
12.9274 102056
12.9356 101026
12.9356 102056
12.9438 101026
12.9438 102056
12.9521 101026
12.9521 102056
12.9603 101026
12.9603 102056
12.9686 101026
12.9686 102056
12.9768 101026
12.9768 102056
12.985 101026
12.985 102056
12.9933 101026
12.9933 102056
13.0015 101026
13.0015 102056
13.0098 101026
13.0098 102056
13.018 101026
13.018 102056
13.0262 101970
13.0262 103000
13.0269 101970
13.0269 103000
13.0352 101970
13.0352 103000
13.0434 101970
13.0434 103000
13.0516 101970
13.0516 103000
13.0599 101970
13.0599 103000
13.0681 101970
13.0681 103000
13.0764 101970
13.0764 103000
13.0846 101970
13.0846 103000
13.0928 101970
13.0928 103000
13.1011 101970
13.1011 103000
13.1093 101970
13.1093 103000
13.1176 101970
13.1176 103000
13.1258 101970
13.1258 103000
13.134 101970
13.134 103000
13.1423 101970
13.1423 103000
13.1505 101970
13.1505 103000
13.1588 101970
13.1588 103000
13.167 101970
13.167 103000
13.1752 101970
13.1752 103000
13.1835 101970
13.1835 103000
13.1917 101970
13.1917 103000
13.2 101970
13.2 103000
13.2082 101970
13.2082 103000
13.2164 101970
13.2164 103000
13.2247 101970
13.2247 103000
13.2329 101970
13.2329 103000
13.2412 101970
13.2412 103000
13.2494 101970
13.2494 103000
13.2576 101970
13.2576 103000
13.2659 101970
13.2659 103000
13.2741 101970
13.2741 103000
13.2824 101970
13.2824 103000
13.2906 101970
13.2906 103000
13.2988 101970
13.2988 103000
13.3071 101970
13.3071 103000
13.3153 101970
13.3153 103000
13.3236 101970
13.3236 103000
13.3318 101970
13.3318 103000
13.34 101970
13.34 103000
13.3483 101970
13.3483 103000
13.3565 101970
13.3565 103000
13.3648 101970
13.3648 103000
13.373 101970
13.373 103000
13.3812 101970
13.3812 103000
13.3895 101970
13.3895 103000
13.3977 101970
13.3977 103000
13.406 101970
13.406 103000
13.4142 101970
13.4142 103000
13.4224 101970
13.4224 103000
13.4307 101970
13.4307 103000
13.4389 101970
13.4389 103000
13.4472 101970
13.4472 103000
13.4554 101970
13.4554 103000
13.4636 101970
13.4636 103000
13.4719 101970
13.4719 103000
13.4801 101970
13.4801 103000
13.4884 101970
13.4884 103000
13.4966 101970
13.4966 103000
13.5048 101970
13.5048 103000
13.5131 101970
13.5131 103000
13.5213 101970
13.5213 103000
13.5296 101970
13.5296 103000
13.5378 101970
13.5378 103000
13.546 101970
13.546 103000
13.5543 101970
13.5543 103000
13.5625 101970
13.5625 103000
13.5708 101970
13.5708 103000
13.579 101970
13.579 103000
13.5872 101970
13.5872 103000
13.5955 101970
13.5955 103000
13.6037 101970
13.6037 103000
13.612 101970
13.612 103000
13.6202 101970
13.6202 103000
13.6284 101970
13.6284 103000
13.6367 101970
13.6367 103000
13.6449 101970
13.6449 103000
13.6532 101970
13.6532 103000
13.6614 101970
13.6614 103000
13.6696 101970
13.6696 103000
13.6779 101970
13.6779 103000
13.6861 101970
13.6861 103000
13.6944 101970
13.6944 103000
13.7026 101970
13.7026 103000
13.7108 101970
13.7108 103000
13.7191 101970
13.7191 103000
13.7273 101970
13.7273 103000
13.7356 101970
13.7356 103000
13.7438 101970
13.7438 103000
13.752 101970
13.752 103000
13.7603 101970
13.7603 103000
13.7685 101970
13.7685 103000
13.7768 101970
13.7768 103000
13.785 101970
13.785 103000
13.7932 101970
13.7932 103000
13.8015 101970
13.8015 103000
13.8097 101970
13.8097 103000
13.818 101970
13.818 103000
13.8262 101970
13.8262 103000
13.8344 101970
13.8344 103000
13.8427 101970
13.8427 103000
13.8509 101970
13.8509 103000
13.8592 101970
13.8592 103000
13.8674 101970
13.8674 103000
13.8756 101970
13.8756 103000
13.8839 101970
13.8839 103000
13.8921 101970
13.8921 103000
13.9004 101970
13.9004 103000
13.9086 101970
13.9086 103000
13.9168 101970
13.9168 103000
13.9251 101970
13.9251 103000
13.9333 101970
13.9333 103000
13.9416 101970
13.9416 103000
13.9498 101970
13.9498 103000
13.958 101970
13.958 103000
13.9663 101970
13.9663 103000
13.9745 101970
13.9745 103000
13.9828 101970
13.9828 103000
13.991 101970
13.991 103000
13.9992 101970
13.9992 103000
14.0075 101970
14.0075 103000
14.0157 101970
14.0157 103000
14.024 101970
14.024 103000
14.0322 101970
14.0322 103000
14.0404 101970
14.0404 103000
14.0487 101970
14.0487 103000
14.0569 101970
14.0569 103000
14.0652 101970
14.0652 103000
14.0734 101970
14.0734 103000
14.0816 101970
14.0816 103000
14.0899 101970
14.0899 103000
14.0981 101970
14.0981 103000
14.1064 101970
14.1064 103000
14.1146 101970
14.1146 103000
14.1228 101970
14.1228 103000
14.1311 101970
14.1311 103000
14.1393 101970
14.1393 103000
14.1476 101970
14.1476 103000
14.1558 101970
14.1558 103000
14.164 101970
14.164 103000
14.1723 101970
14.1723 103000
14.1805 101970
14.1805 103000
14.1888 101970
14.1888 103000
14.197 101970
14.197 103000
14.2052 101970
14.2052 103000
14.2135 101970
14.2135 103000
14.2217 101970
14.2217 103000
14.23 101970
14.23 103000
14.2382 101970
14.2382 103000
14.2464 101970
14.2464 103000
14.2547 101970
14.2547 103000
14.2629 101970
14.2629 103000
14.2712 101970
14.2712 103000
14.2794 101970
14.2794 103000
14.2876 101970
14.2876 103000
14.2959 101970
14.2959 103000
14.3041 101970
14.3041 103000
14.3124 101970
14.3124 103000
14.3206 101970
14.3206 103000
14.3288 101970
14.3288 103000
14.3371 101970
14.3371 103000
14.3453 101970
14.3453 103000
14.3536 101970
14.3536 103000
14.3618 101970
14.3618 103000
14.37 101970
14.37 103000
14.3783 101970
14.3783 103000
14.3865 101970
14.3865 103000
14.3948 101970
14.3948 103000
14.403 101970
14.403 103000
14.4112 101970
14.4112 103000
14.4195 101970
14.4195 103000
14.4277 101970
14.4277 103000
14.436 101970
14.436 103000
14.4442 101970
14.4442 103000
14.4524 101970
14.4524 103000
14.4607 101970
14.4607 103000
14.4689 101970
14.4689 103000
14.4772 101970
14.4772 103000
14.4854 101970
14.4854 103000
14.4936 101970
14.4936 103000
14.5019 101970
14.5019 103000
14.5101 101970
14.5101 103000
14.5184 101970
14.5184 103000
14.5266 101970
14.5266 103000
14.5348 101970
14.5348 103000
14.5431 101970
14.5431 103000
14.5513 101970
14.5513 103000
14.5596 101970
14.5596 103000
14.5678 101970
14.5678 103000
14.576 101970
14.576 103000
14.5843 101970
14.5843 103000
14.5925 101970
14.5925 103000
14.6008 101970
14.6008 103000
14.609 101970
14.609 103000
14.6172 101970
14.6172 103000
14.6255 101970
14.6255 103000
14.6337 101970
14.6337 103000
14.642 101970
14.642 103000
14.6502 101970
14.6502 103000
14.6584 101970
14.6584 103000
14.6667 101970
14.6667 103000
14.6749 101970
14.6749 103000
14.6832 101970
14.6832 103000
14.6914 101970
14.6914 103000
14.6996 101970
14.6996 103000
14.7079 101970
14.7079 103000
14.7161 101970
14.7161 103000
14.7244 101970
14.7244 103000
14.7326 101970
14.7326 103000
14.7408 101970
14.7408 103000
14.7491 101970
14.7491 103000
14.7573 101970
14.7573 103000
14.7656 101970
14.7656 103000
14.7738 101970
14.7738 103000
14.782 101970
14.782 103000
14.7903 101970
14.7903 103000
14.7985 101970
14.7985 103000
14.8068 101970
14.8068 103000
14.815 101970
14.815 103000
14.8232 101970
14.8232 103000
14.8315 101970
14.8315 103000
14.8397 101970
14.8397 103000
14.848 101970
14.848 103000
14.8562 101970
14.8562 103000
14.8644 101970
14.8644 103000
14.8727 101970
14.8727 103000
14.8809 101970
14.8809 103000
14.8892 101970
14.8892 103000
14.8974 101970
14.8974 103000
14.9056 101970
14.9056 103000
14.9139 101970
14.9139 103000
14.9221 101970
14.9221 103000
14.9304 101970
14.9304 103000
14.9386 101970
14.9386 103000
14.9468 101970
14.9468 103000
14.9551 101970
14.9551 103000
14.9633 101970
14.9633 103000
14.9716 101970
14.9716 103000
14.9798 101970
14.9798 103000
14.988 101970
14.988 103000
14.9963 101970
14.9963 103000
15.0045 101970
15.0045 103000
15.0128 101970
15.0128 103000
15.021 101970
15.021 103000
15.0292 101970
15.0292 103000
15.0375 101970
15.0375 103000
15.0457 101970
15.0457 103000
15.054 101970
15.054 103000
15.0622 101970
15.0622 103000
15.0704 101970
15.0704 103000
15.0787 101970
15.0787 103000
15.0869 101970
15.0869 103000
15.0952 101970
15.0952 103000
15.1034 101970
15.1034 103000
15.1116 101970
15.1116 103000
15.1199 101970
15.1199 103000
15.1281 101970
15.1281 103000
15.1364 101970
15.1364 103000
15.1446 101970
15.1446 103000
15.1528 101970
15.1528 103000
15.1611 101970
15.1611 103000
15.1693 101970
15.1693 103000
15.1776 101970
15.1776 103000
15.1858 101970
15.1858 103000
15.194 101970
15.194 103000
15.2023 101970
15.2023 103000
15.2105 101970
15.2188 100940
15.227 99910
15.2352 98880
15.2435 97850
15.2517 96820
15.26 95790
15.2682 94760
15.2764 93730
15.2847 92700
15.2929 91670
15.3012 90640
15.3094 89610
15.3176 88580
15.3259 87550
15.3341 86520
15.3424 85490
15.3506 84460
15.3588 83430
15.3671 82400
15.3753 81370
15.3836 80340
15.3918 79310
15.4 78280
15.4083 77250
15.4165 76220
15.4248 75190
15.433 74160
15.4412 73130
15.4495 72100
15.4577 71070
15.466 70040
15.4742 69010
15.4824 67980
15.4907 66950
15.4989 65920
15.5072 64890
15.5154 63860
15.5236 62830
15.5319 61800
15.5401 60770
15.5484 59740
15.5566 58710
15.5648 57680
15.5731 56650
15.5813 55620
15.5896 54590
15.5978 53560
15.606 52530
15.6143 51500
15.6225 50470
15.6308 49440
15.639 48410
15.6472 47380
15.6555 46350
15.6637 45320
15.672 44290
15.6802 43260
15.6884 42230
15.6967 41200
15.7049 40170
15.7132 39140
15.7214 38110
15.7296 37080
15.7379 36050
15.7461 35020
15.7544 33990
15.7626 32960
15.7708 31930
15.7791 30900
15.7873 29870
15.7956 28840
15.8038 27810
15.812 26780
15.8203 25750
15.8285 24720
15.8368 23690
15.845 22660
15.8532 21630
15.8615 20600
15.8697 19570
15.878 18540
15.8862 17510
15.8944 16480
15.9027 15450
15.9109 14420
15.9192 13390
15.9274 12360
15.9356 11330
15.9439 10300
15.9521 9270
15.9604 8240
15.9686 7210
15.9768 6180
15.9851 5150
15.9933 4120
16.0011 4206
16.0016 3176
16.0098 2146
16.018 1116
16.0263 86
16.0345 0
17.0011 86
17.0011 0
18.0011 86
18.0011 0
19.0011 86
19.0011 0
